651
639
612
629
642
712
620
631
634
643
646
596
613
633
641
653
608
685
659
714
638
711
648
658
621
686
641
648
658
672
680
615
659
636
636
593
593
583
594
617
671
666
633
607
617
616
639
605
605
632
628
678
606
690
665
692
659
626
641
635
633
604
620
644
663
646
624
660
665
668
613
669
642
646
606
635
619
642
594
638
642
675
643
616
646
633
632
604
641
629
673
594
626
612
621
593
618
619
650
599
620
614
624
601
585
604
593
608
574
597
610
634
618
635
633
635
603
594
614
623
606
586
611
597
601
588
598
607
623
613
592
613
615
617
601
604
634
643
652
595
630
617
641
603
629
620
722
607
683
639
663
592
644
623
650
601
633
638
629
594
643
612
639
590
623
608
613
593
640
635
654
588
658
622
642
589
607
615
611
614
580
628
616
645
604
636
633
633
619
597
625
611
620
585
627
627
670
614
683
642
683
600
639
623
625
583
621
608
624
595
638
631
641
593
631
615
620
582
608
604
606
580
588
605
616
607
613
630
638
633
592
630
632
643
586
632
609
622
602
677
637
651
600
651
630
629
591
646
619
614
600
684
654
703
608
756
637
655
591
630
612
600
577
607
600
615
579
633
621
730
623
704
627
625
587
611
603
603
573
595
598
628
594
594
621
611
626
598
624
617
618
597
599
608
603
617
593
632
612
649
605
666
644
671
614
641
640
649
622
597
620
614
640
590
666
625
755
637
654
675
740
652
693
656
670
606
619
631
636
618
586
616
609
604
582
604
602
592
572
595
604
624
627
596
604
626
607
624
575
607
600
591
552
553
544
586
622
865
813
767
678
650
615
599
588
582
561
559
585
590
615
591
604
611
623
606
583
597
603
592
577
582
600
591
580
568
583
576
576
558
591
593
589
562
585
589
588
578
579
607
596
626
610
606
576
582
587
598
613
591
591
620
623
694
616
667
644
676
605
646
630
634
601
593
619
618
658
593
641
633
637
593
628
618
625
589
606
608
617
591
588
617
613
615
581
621
602
628
587
589
614
591
594
573
621
602
636
601
681
673
669
624
643
629
615
588
617
619
664
593
633
631
649
609
626
634
697
617
656
617
615
575
601
593
640
602
622
614
657
611
648
634
646
612
638
609
587
572
554
580
578
591
577
664
639
647
660
665
619
613
629
591
581
593
579
563
575
575
578
553
557
563
563
578
558
582
574
578
555
572
570
549
577
579
583
610
595
598
615
635
624
613
584
591
574
565
555
541
552
553
578
579
593
614
598
590
576
579
579
577
571
612
618
673
667
727
703
669
625
663
648
620
646
632
623
630
621
623
606
595
589
581
570
555
578
576
627
598
667
649
660
655
692
644
640
659
618
633
636
646
648
653
603
642
623
626
590
660
642
702
639
805
713
723
711
708
714
744
708
683
690
626
678
657
671
645
601
598
604
609
648
647
653
623
612
635
612
623
645
659
673
645
692
674
623
644
629
608
663
635
670
633
669
665
663
652
638
601
627
609
634
621
665
643
676
666
635
622
653
657
621
648
720
701
653
666
672
663
620
685
637
643
636
597
647
629
655
660
684
626
758
667
621
647
655
643
632
723
718
635
727
672
697
688
679
669
620
672
630
643
585
623
588
599
581
574
611
608
609
634
646
620
629
648
646
596
627
616
602
617
676
663
659
630
685
668
643
629
664
671
692
629
679
645
631
612
643
632
632
648
646
642
685
660
634
613
626
621
614
585
606
604
637
582
636
592
620
658
662
598
632
629
629
591
607
606
623
590
585
580
588
606
646
635
588
617
603
606
575
594
584
590
574
601
652
640
612
660
636
644
606
688
680
644
641
654
649
667
652
647
634
624
611
582
601
603
615
578
602
613
624
601
606
620
640
609
605
601
602
588
576
594
584
563
598
586
610
576
579
603
597
605
574
604
601
611
580
608
600
637
602
628
628
606
607
630
615
629
588
606
592
626
585
598
617
627
630
601
652
635
624
627
665
661
649
611
647
636
607
613
606
585
585
595
587
582
575
582
572
564
563
574
574
591
586
678
664
645
629
643
686
602
635
605
592
569
552
563
552
558
545
578
583
626
719
768
738
651
676
646
627
615
576
594
591
618
579
578
589
597
593
555
578
566
568
576
577
571
546
563
548
532
551
549
568
601
641
590
603
646
680
749
687
649
616
572
565
569
572
590
563
563
573
578
609
569
664
635
694
668
640
586
597
579
581
561
590
577
579
561
568
577
600
607
610
583
604
587
605
575
578
583
584
596
596
567
565
563
568
591
606
624
656
615
603
560
568
563
565
579
662
675
694
819
677
699
675
664
646
586
590
580
577
608
633
624
598
615
603
629
647
612
583
573
594
624
949
868
837
729
667
634
604
607
607
636
641
657
608
656
660
744
734
739
685
677
656
648
646
603
614
602
603
633
644
657
661
653
654
604
619
615
646
696
657
664
601
600
598
608
629
650
663
649
645
629
614
612
607
603
571
585
576
604
623
627
627
623
629
580
583
581
594
609
633
618
591
615
605
624
661
655
644
626
606
566
569
569
573
627
646
648
665
669
645
611
584
583
584
599
616
625
628
634
616
601
605
570
574
573
568
560
571
639
652
685
690
665
596
607
599
615
623
642
616
597
580
553
554
556
569
614
649
693
702
716
643
620
632
621
644
648
663
644
622
590
566
574
564
566
589
602
622
620
637
617
625
586
595
616
654
701
715
685
644
601
604
587
577
575
579
580
581
594
592
604
579
567
574
600
622
663
674
657
613
626
611
615
617
581
570
583
590
597
611
605
604
604
561
573
565
586
600
618
649
642
640
617
592
582
604
632
647
608
646
648
688
650
661
611
581
595
578
599
615
629
603
588
611
614
624
617
596
569
585
587
607
620
595
589
607
629
639
635
634
619
593
576
578
578
586
610
588
568
576
595
614
617
638
625
580
604
593
627
595
621
614
601
590
606
605
607
570
615
584
563
594
595
608
628
618
606
581
575
583
583
611
586
636
644
646
646
641
610
582
589
584
584
590
600
563
603
587
612
624
616
579
583
597
622
638
635
595
632
626
634
605
598
607
612
609
613
600
601
560
584
569
558
569
604
646
688
610
671
640
653
631
670
642
604
624
619
612
603
620
606
626
625
594
581
598
599
608
626
604
588
579
582
579
592
595
562
588
590
625
659
699
623
622
617
612
598
633
642
675
690
609
631
612
622
623
596
584
598
592
571
565
590
576
591
708
651
703
773
774
671
697
686
639
606
619
625
687
653
638
608
607
597
607
645
629
710
701
701
692
669
651
633
619
587
577
578
577
578
674
703
819
695
724
700
821
751
688
636
623
597
580
586
601
609
593
583
602
603
627
621
589
596
589
613
606
586
634
619
675
636
772
679
667
696
668
652
629
646
624
600
606
617
621
600
604
632
641
660
641
697
676
626
621
636
621
620
620
666
646
618
668
639
654
608
609
610
624
595
590
630
612
647
646
613
628
606
608
569
599
604
676
610
615
612
610
668
681
625
606
606
597
585
565
589
594
615
589
642
676
808
705
710
739
655
691
678
648
642
652
634
636
636
634
608
589
630
651
811
685
749
776
755
685
734
737
668
639
650
654
646
622
706
748
765
694
760
729
643
655
630
652
604
670
657
711
639
673
662
686
629
665
665
732
635
700
660
702
630
701
724
816
710
692
731
707
661
685
696
745
646
723
680
805
667
691
676
658
631
688
683
686
634
671
697
707
634
689
653
695
636
634
604
599
630
612
620
640
797
710
658
656
677
701
626
622
646
645
668
609
675
654
712
636
680
666
712
665
655
688
673
671
627
668
653
703
634
665
671
696
633
645
668
671
678
641
697
659
698
629
655
655
825
758
698
646
639
625
643
648
611
660
644
696
629
675
708
795
700
685
694
671
629
629
654
649
632
618
649
635
640
620
668
665
672
626
668
637
658
601
638
646
653
619
643
677
681
657
660
684
691
647
645
682
686
661
641
666
666
700
661
682
704
729
688
653
695
665
674
640
710
676
722
640
710
666
711
631
683
658
696
624
701
671
740
655
696
691
688
631
648
647
671
621
622
659
642
633
616
654
641
674
613
646
647
696
618
659
640
681
616
657
641
652
611
636
638
648
601
618
622
639
593
608
639
673
676
648
674
656
688
617
624
648
661
676
629
693
661
706
632
672
674
669
611
638
637
631
609
592
571
573
605
626
653
609
673
650
708
630
699
674
647
620
668
678
635
625
655
656
663
626
657
653
682
640
632
651
644
657
608
646
638
682
611
633
654
665
650
624
661
657
693
638
640
681
737
684
631
621
630
635
645
646
618
643
620
613
639
652
635
611
610
631
611
605
579
594
599
618
617
602
669
703
682
632
646
665
686
610
636
635
644
617
628
644
642
644
606
640
633
665
609
611
630
651
668
617
674
649
693
626
646
657
667
636
618
631
644
646
603
604
591
593
619
661
662
637
629
607
595
566
582
579
597
602
570
608
606
633
597
596
630
644
678
644
672
707
724
723
664
804
740
759
683
757
741
752
680
693
720
733
666
713
709
736
662
738
719
697
657
709
687
663
633
676
675
662
628
663
626
626
601
643
632
672
618
663
682
713
646
661
667
655
656
618
659
658
690
620
636
645
661
639
647
705
716
697
644
684
659
671
621
654
682
696
625
656
673
730
648
663
663
657
617
619
647
657
680
631
680
673
702
635
655
660
646
613
599
612
616
640
623
624
638
691
657
631
664
655
648
607
617
611
632
597
596
630
627
661
609
650
633
655
609
645
634
660
608
634
625
647
610
605
618
619
601
639
686
806
735
706
735
696
663
622
643
640
650
608
605
581
573
571
591
1008
924
930
824
721
676
645
635
619
622
618
601
609
622
635
637
662
613
621
648
641
611
670
647
719
685
682
631
651
671
668
643
625
648
657
675
647
641
656
654
643
610
645
638
657
605
594
606
612
686
615
671
648
658
623
625
650
646
648
618
626
616
647
602
640
644
675
658
638
663
662
649
626
663
640
675
612
651
644
674
615
685
665
690
629
657
654
660
639
629
662
653
673
638
667
670
670
632
641
673
662
655
646
677
669
688
627
663
652
690
676
642
682
680
720
637
660
656
668
627
624
652
642
661
615
641
647
671
639
630
645
637
662
625
633
650
662
646
642
644
657
650
622
619
642
632
638
605
621
637
667
631
647
659
680
648
640
655
660
629
615
625
616
630
594
604
623
630
614
617
636
648
650
628
641
655
660
630
635
661
660
639
628
657
653
652
615
632
627
640
618
616
636
657
656
618
653
637
669
611
637
641
660
626
632
652
663
659
628
649
640
650
611
634
650
663
647
631
672
681
644
628
640
627
625
597
614
637
639
611
628
666
668
629
634
646
650
627
609
624
634
648
612
638
660
663
646
626
649
656
669
618
659
646
683
628
635
640
647
624
616
643
634
657
621
619
643
642
652
610
631
631
647
613
606
621
626
640
608
619
646
656
640
639
660
642
613
599
609
602
637
598
639
632
683
640
670
672
679
632
644
637
637
608
593
601
594
584
563
569
576
581
591
575
618
611
653
613
654
659
688
626
646
645
653
616
606
610
609
647
607
630
623
632
613
608
650
638
663
628
657
654
806
662
647
628
642
602
597
585
575
590
620
689
875
770
685
646
624
595
594
594
600
590
563
551
536
528
532
524
542
605
646
632
640
609
586
564
563
564
653
730
824
690
670
627
644
635
648
630
627
601
598
590
584
597
598
590
583
597
604
599
629
641
648
702
622
701
639
620
650
657
761
809
747
710
666
626
619
635
656
611
709
706
704
702
852
845
730
734
696
657
655
656
625
689
711
771
720
702
652
609
623
630
642
662
651
656
627
591
603
590
604
599
649
651
771
749
745
755
706
701
705
701
663
642
692
713
679
711
739
715
663
622
607
638
612
1024
900
740
702
666
627
615
642
651
626
782
700
712
659
655
663
680
676
631
694
676
738
642
719
675
650
672
685
686
673
742
700
727
695
667
643
655
656
646
614
662
637
647
631
705
651
627
639
662
635
613
645
635
647
623
667
669
665
626
647
643
657
639
671
666
650
630
693
689
737
661
739
713
689
663
707
665
640
654
639
646
607
633
635
613
640
646
626
627
680
665
686
654
727
748
671
686
691
641
630
635
612
595
602
607
599
604
604
621
639
677
631
631
622
599
597
594
605
616
598
638
642
657
607
652
642
658
626
636
654
681
652
633
724
680
693
629
672
652
625
680
666
692
620
671
655
681
636
639
608
663
664
654
636
688
660
615
650
628
622
594
608
602
615
587
638
626
684
682
683
627
592
599
589
572
578
641
643
606
682
667
694
646
718
691
639
662
636
636
624
604
591
581
566
553
550
551
564
570
600
605
692
638
664
684
716
727
629
683
666
642
665
671
674
641
657
640
636
606
620
614
619
615
595
618
606
597
596
647
663
744
696
782
745
732
666
668
690
635
697
697
727
753
764
764
711
839
810
735
682
659
628
648
641
635
620
672
714
676
843
728
708
659
698
717
714
663
697
703
726
679
761
735
687
690
697
705
649
836
772
722
694
659
670
661
667
627
702
674
747
684
700
710
729
689
729
703
671
663
629
608
631
645
650
670
907
855
766
833
814
706
695
728
698
773
761
760
785
756
720
686
655
611
598
613
644
649
960
893
813
821
845
932
944
987
893
769
694
644
666
686
674
658
665
632
660
653
917
948
876
819
761
664
651
646
681
634
709
672
692
631
687
685
740
662
688
679
674
634
676
648
669
625
677
646
667
611
672
659
696
702
695
642
657
663
664
621
632
628
636
605
623
636
651
656
618
667
667
730
681
672
741
712
698
682
690
661
653
668
685
655
668
749
701
688
628
660
648
704
712
741
867
745
726
705
699
655
676
665
649
711
646
701
715
698
673
648
629
593
594
601
603
676
620
694
707
715
850
923
773
691
710
691
674
636
602
587
567
565
604
636
850
762
722
690
682
663
632
621
593
602
607
594
606
621
605
639
636
652
628
675
651
658
632
640
642
641
632
612
635
638
648
629
657
703
694
680
670
666
619
630
631
624
642
687
692
667
658
634
629
606
598
588
586
592
570
592
573
631
617
606
661
665
672
756
783
745
685
727
671
636
664
645
630
597
626
654
677
674
632
698
631
638
632
621
739
701
712
704
685
646
634
622
628
615
613
584
602
607
603
598
619
652
655
641
636
624
619
592
611
576
602
567
1107
559
559
563
553
556
557
554
545
543
536
531
525
524
530
532
554
566
552
580
590
603
608
603
614
603
604
628
597
595
597
598
582
576
582
633
680
684
647
664
673
696
680
651
651
644
627
604
604
603
623
606
664
653
660
646
628
619
600
604
608
641
609
658
695
650
764
758
688
678
726
680
687
653
648
622
629
627
613
610
620
597
599
586
645
602
606
601
591
587
581
573
563
565
564
554
563
575
604
607
687
679
690
672
657
629
604
591
582
597
641
696
835
867
879
772
700
662
632
624
637
675
671
864
773
719
707
713
700
714
683
635
619
604
581
592
604
652
708
721
697
665
623
621
590
634
644
626
634