968
832
771
847
928
1005
935
842
759
736
775
1020
1076
1040
985
872
792
805
890
970
960
926
871
793
750
800
921
976
962
902
837
782
884
961
949
917
894
854
854
924
967
953
936
883
827
806
906
1003
975
951
884
832
861
932
965
925
901
864
799
838
975
991
948
859
819
893
969
976
963
914
845
779
855
954
952
950
952
914
857
806
922
1024
981
945
946
881
823
818
906
989
1000
951
916
854
893
930
949
926
913
890
792
778
775
861
1010
957
935
907
892
820
765
776
840
963
982
944
938
914
861
823
795
878
987
970
963
980
946
885
816
844
959
962
952
961
916
868
842
914
958
974
933
918
857
784
850
936
1002
994
947
908
848
902
1012
1009
1013
991
941
852
775
828
1024
1015
996
979
921
919
1020
1052
1013
985
918
824
757
873
1090
999
989
943
870
1003
1084
1089
1023
1044
974
888
875
967
994
977
976
935
872
811
880
963
981
954
890
826
779
852
926
951
948
917
833
771
788
854
936
935
890
793
749
801
923
1030
1027
901
818
777
755
783
846
978
1017
993
961
854
764
757
798
890
1124
1141
1103
1013
918
817
776
821
981
1112
1050
984
965
873
813
870
1039
1042
1012
952
865
802
734
770
1030
1185
1161
1110
991
890
855
975
1069
1032
972
948
898
816
889
976
953
931
941
910
846
777
838
946
1005
941
906
835
799
867
938
1004
1004
988
919
825
834
929
1046
1008
982
1010
980
913
824
878
1048
1072
1015
999
952
892
973
993
969
970
924
872
884
974
1021
988
970
891
833
879
990
999
946
899
836
890
989
979
813
782
805
771
762
821
777
875
959
825
869
920
906
791
746
790
790
804
763
780
854
898
797
828
855
854
771
777
805
790
794
791
760
771
800
794
817
785
801
771
752
773
718
711
696
696
702
718
698
712
718
757
747
803
824
763
771
769
769
362
404
727
690
708
695
694
711
709
733
762
789
796
795
823
761
739
769
791
828
773
819
901
923
802
806
790
748
746
794
843
771
786
782
822
827
772
767
793
761
781
756
745
756
729
752
794
913
854
813
897
1016
979
846
761
800
845
929
884
782
838
849
824
933
959
1025
988
868
785
821
858
848
800
809
901
977
973
849
834
849
898
980
872
943
1012
925
838
927
908
847
786
780
847
966
978
853
833
897
998
905
809
846
887
993
930
936
835
857
879
937
941
893
817
851
852
958
908
852
859
846
781
752
735
799
893
806
821
1113
996
865
891
948
931
854
901
893
863
730
750
745
749
755
694
707
762
922
802
828
794
750
713
731
793
824
833
753
725
744
771
806
823
755
745
784
805
812
807
756
734
755
734
714
741
765
835
852
846
821
829
794
767
795
794
813
825
882
806
847
933
982
923
830
902
914
845
876
954
845
936
1012
905
889
938
933
990
899
906
911
824
808
913
985
864
885
1010
955
944
845
872
960
860
792
788
844
936
826
822
1069
890
883
952
950
790
835
820
904
812
805
950
987
820
837
846
865
818
741
742
764
814
810
712
751
803
935
949
868
848
945
850
871
949
980
965
833
777
813
852
876
877
813
771
822
880
872
901
893
796
813
836
939
887
857
902
865
897
913
937
891
770
808
796
779
789
854
1147
887
857
829
838
1045
861
827
875
825
829
868
854
751
794
811
762
796
853
865
766
747
774
790
801
757
722
730
748
733
772
769
782
762
712
732
756
756
721
693
711
718
718
729
688
678
688
680
677
665
641
646
652
684
700
715
664
685
694
704
677
693
709
717
730
687
705
736
751
740
727
780
898
848
774
824
833
804
721
746
791
867
825
777
817
873
869
831
758
761
780
793
763
801
843
878
829
829
859
864
841
819
851
861
795
835
869
887
834
771
816
887
842
840
934
926
842
846
839
811
771
793
829
765
851
909
873
867
864
820
841
883
852
802
839
820
801
839
854
893
843
762
824
932
863
864
970
938
840
789
809
772
738
756
813
816
905
954
863
851
927
926
828
807
807
786
764
708
767
785
747
708
764
739
754
771
773
797
771
733
772
793
813
746
758
752
734
801
854
755
741
751
771
733
791
900
964
839
825
854
883
809
841
870
820
786
825
854
818
762
805
848
954
847
764
793
902
992
872
866
892
847
785
847
938
885
798
906
979
907
805
870
880
834
755
806
831
943
824
828
865
856
814
805
835
768
776
815
779
719
745
764
790
728
769
829
857
791
858
852
777
813
797
765
729
770
788
826
796
753
727
736
745
724
761
815
842
788
770
783
804
784
810
847
854
792
854
887
777
775
772
805
934
807
844
1066
973
852
854
951
868
771
810
872
895
806
781
875
994
863
844
885
836
771
830
826
816
739
789
791
777
816
771
824
895
965
960
887
787
777
752
693
741
856
979
852
949
985
933
777
810
907
825
776
901
919
888
813
870
936
893
825
837
882
861
756
751
844
919
790
777
891
916
890
781
835
790
723
708
759
845
775
746
791
816
812
807
770
821
766
760
778
737
753
743
719
702
718
752
822
750
793
873
869
821
845
839
780
772
756
745
705
711
721
733
771
732
731
761
753
724
770
791
771
746
794
812
797
784
784
795
755
772
771
793
811
761
826
843
764
825
855
889
856
762
815
843
900
880
768
780
851
836
803
886
884
795
889
857
886
949
924
938
891
880
827
792
836
997
1019
979
856
833
789
727
760
813
930
817
814
936
1038
1037
863
884
994
1076
1001
866
928
983
956
879
954
900
833
860
848
891
819
850
809
833
940
1003
977
842
827
800
808
785
906
962
1071
987
962
1012
911
816
859
1015
939
902
1099
1064
955
833
909
1012
1047
938
944
1075
1096
999
999
1071
1058
938
959
959
990
1006
916
854
1010
1104
1021
979
1036
967
941
995
1013
984
943
1008
1077
1063
1016
938
926
1035
1042
994
896
948
1021
1034
1021
1014
1027
1018
1028
1021
1004
898
860
892
885
1027
1056
1028
1024
961
995
1021
918
895
1036
1063
1025
902
927
1049
1084
1033
924
895
1009
1060
1033
941
951
1078
1073
1023
949
1030
1083
1074
1025
913
923
1002
1012
977
888
839
1029
1120
1069
1038
1022
951
971
979
998
1007
964
941
968
966
931
937
999
1049
1056
970
1005
1024
1064
1002
922
997
1093
1107
1056
1053
973
944
978
1010
947
900
1003
1061
1021
913
969
1073
1026
919
829
918
1041
1064
1037
1016
943
948
1024
1038
1044
984
873
978
1101
1043
998
913
962
1041
1049
978
899
984
1042
1019
1006
951
833
883
958
1126
1051
937
867
975
1063
1026
1016
879
845
899
957
1015
1006
931
838
904
973
1002
894
816
808
885
1118
1017
945
854
887
984
988
998
893
843
888
958
961
849
833
892
1015
1020
966
881
822
863
974
1075
993
874
879
998
1082
1067
1002
922
963
969
998
918
878
979
1143
1104
1033
918
957
1021
1046
965
912
934
989
997
914
884
979
1021
984
884
849
938
1043
1003
896
836
875
978
983
938
857
899
989
1048
1001
971
924
978
1010
1010
953
895
965
1057
1045
1008
922
880
937
1031
1052
1023
944
948
1036
1040
983
885
836
899
1062
1040
989
913
968
1040
1011
945
860
897
1007
1032
1002
944
899
968
1052
1037
964
860
856
945
1041
1003
930
871
925
961
957
884
792
809
817
858
889
795
833
931
945
935
838
813
857
875
897
805
825
884
923
891
830
873
959
952
922
885
802
789
832
858
908
868
790
800
890
988
973
931
839
802
834
902
951
885
825
879
949
958
946
872
814
813
874
1056
1034
968
872
854
940
1037
1038
953
840
874
967
1114
1040
981
927
845
909
1018
1022
1018
923
916
974
1009
1031
947
954
1003
1037
1038
993
921
977
1047
1039
1024
990
911
853
903
1007
1021
1019
986
937
992
990
986
992
966
964
990
989
1014
1009
989
951
898
881
840
846
910
838
931
994
992
883
878
953
989
1013
954
862
881
997
1039
1012
932
890
984
1012
997
905
872
933
1069
1050
1021
919
894
959
1003
935
995
1065
1045
1011
932
876
916
1032
1046
1014
936
965
1021
1048
988
916
890
983
1104
1040
1007
973
938
971
1021
1043
1027
1034
950
895
854
831
828
910
1065
999
896
873
914
992
1025
972
850
869
941
979
924
825
859
925
952
864
789
817
889
984
969
841
822
882
993
960
837
826
893
959
970
867
823
884
916
922
842
798
849
931
978
908
854
898
918
928
900
900
990
1017
976
912
923
980
1021
979
896
912
1016
1023
1007
938
946
972
977
974
896
890
975
1009
955
877
822
867
966
1020
975
890
896
981
998
993
942
857
858
940
1021
979
922
916
970
992
935
870
912
957
970
966
911
841
901
956
1005
1031
961
992
996
973
935
857
835
911
1021
959
936
876
907
934
943
919
804
811
799
787
795
787
743
781
807
831
807
815
816
803
770
744
720
700
731
763
833
788
765
825
881
915
892
876
797
776
815
842
846
924
828
858
879
920
830
818
854
878
841
756
771
818
895
916
822
819
875
908
929
810
820
865
944
944
868
795
830
906
929
905
812
865
943
979
896
831
862
877
862
813
859
941
967
846
867
921
948
891
840
883
924
926
834
850
928
1009
902
922
947
938
952
885
972
1058
1035
984
936
834
846
862
884
822
897
1014
1031
877
886
930
937
850
834
877
938
942
870
814
854
937
991
898
819
845
891
983
981
951
849
817
870
991
1036
940
866
936
972
923
785
799
834
905
933
795
808
896
952
941
915
798
789
780
773
761
813
805
816
844
914
957
945
883
811
839
947
964
914
795
803
851
913
972
858
858
930
959
932
807
825
844
928
905
835
926
1137
1156
1061
984
874
914
930
1000
902
868
964
991
979
843
835
873
945
925
820
852
933
975
875
871
853
850
830
823
762
789
821
840
835
792
754
760
790
851
939
831
808
852
910
923
822
864
910
888
844
836
779
765
799
842
1025
1001
993
882
890
927
893
904
856
821
873
948
939
947
816
827
859
906
923
810
785
795
843
888
867
778
792
783
787
796
775
732
727
736
764
861
848
872
866
849
856
803
792
852
896
959
923
833
865
923
953
842
819
862
907
905
818
857
908
948
888
851
909
949
889
811
791
803
841
834
857
954
969
854
835
884
912
886
828
859
853
790
834
893
918
923
990
952
922
823
844
908
882
827
845
858
814
888
900
891
847
837
829
775
767
771
809
894
881
899
899
896
901
901
877
848
802
777
762
760
743
773
846
1021
940
824
836
850
893
854
782
818
792
770
753
810
848
851
793
835
876
850
843
799
829
825
831
778
788
838
864
779
819
834
853
845
833
789
751
748
732
720
731
741
782
887
938
873
839
915
987
893
901
918
905
888
811
736
770
786
920
977
969
888
796
814
819
813
839
850
843
770
796
798
877
932
813
818
970
942
826
861
916
871
846
737
772
755
756
792
788
807
790
804
806
807
816
816
840
770
779
807
793
787
800
806
786
757
789
790
833
854
841
809
845
834
849
782
820
847
862
909
826