671
664
643
616
588
581
573
629
697
688
652
640
612
610
610
653
658
634
646
688
837
831
823
784
727
732
730
796
810
825
769
691
741
797
851
885
884
853
811
710
728
754
675
717
883
733
655
704
708
748
894
868
849
829
805
715
700
723
800
796
675
704
804
699
627
666
774
864
845
854
841
759
690
724
891
844
808
733
674
707
751
884
869
889
888
854
784
785
791
814
920
866
781
650
667
854
831
874
912
940
897
862
802
758
925
841
868
858
807
721
709
737
793
973
892
864
721
660
661
698
913
931
942
955
929
897
854
737
742
680
726
921
769
748
766
858
952
935
924
895
879
864
763
839
879
850
830
780
784
917
855
874
912
898
867
799
776
882
912
860
829
738
687
782
927
891
881
847
736
744
810
807
767
707
780
908
908
927
882
817
732
726
923
908
769
698
719
840
859
847
854
810
781
759
742
747
713
644
648
704
671
675
690
746
839
860
831
759
740
719
697
777
795
814
786
775
813
806
712
697
735
861
849
870
894
905
904
877
868
893
912
871
801
813
958
853
811
822
869
957
975
933
878
797
825
866
872
854
842
813
762
731
807
925
805
713
786
882
887
889
823
784
742
713
654
652
678
801
921
894
872
780
721
707
730
769
766
808
735
686
676
715
768
776
809
796
744
706
684
678
699
678
657
638
632
653
731
864
824
771
724
690
683
675
687
660
625
622
769
925
864
797
703
681
691
656
694
921
858
833
764
700
689
696
650
648
763
843
711
715
820
767
858
788
794
734
753
753
770
770
689
655
656
680
814
851
821
772
722
683
666
683
689
669
704
793
822
744
714
724
735
809
781
701
704
714
694
786
844
838
734
649
628
694
812
724
661
646
670
859
889
903
889
846
726
691
725
730
684
658
718
743
729
735
702
669
646
609
591
607
616
593
588
607
604
600
574
563
564
570
568
558
543
530
538
551
553
566
561
543
533
550
551
558
545
545
547
538
529
526
524
529
534
543
520
517
511
513
512
515
531
582
644
625
656
671
662
638
596
598
598
602
582
646
713
649
617
618
617
604
603
638
658
733
723
629
638
641
698
659
642
643
662
654
642
624
665
704
738
737
677
623
575
551
541
545
549
571
568
551
557
566
608
609
591
580
598
634
680
644
604
598
604
589
620
611
615
603
576
563
558
567
575
573
582
598
596
617
626
646
646
601
608
663
680
618
596
602
588
579
598
615
599
577
597
590
595
604
638
696
687
646
662
652
670
664
639
609
601
610
619
620
619
603
576
565
572
579
552
594
622
637
626
608
589
597
665
684
599
563
551
542
579
608
612
610
607
586
556
567
579
572
548
552
536
598
614
622
615
589
590
635
668
632
602
601
607
626
613
604
623
649
657
635
608
604
609
622
620
637
653
667
658
609
612
656
675
666
685
658
637
633
612
611
596
580
583
580
604
648
617
618
629
638
621
607
613
623
633
640
655
640
613
603
614
633
630
616
595
626
881
738
604
549
536
547
578
676
842
774
671
642
755
775
678
643
664
688
668
620
672
685
645
665
781
752
613
586
570
593
615
606
613
631
663
674
646
630
592
582
600
625
599
572
574
571
588
610
606
587
594
575
579
555
547
521
515
511
511
520
535
511
486
479
466
457
448
443
443
445
451
456
449
443
440
442
447
449
446
441
438
434
434
433
432
432
432
432
428
424
423
421
422
421
423
426
430
432
431
430
432
432
428
424
420
422
427
433
440
443
444
438
437
438
445
450
451
450
446
442
441
443
450
458
457
452
443
442
444
447
453
458
458
452
449
454
456
457
457
452
444
444
442
442
438
440
453
473
485
481
474
468
464
456
448
444
441
442
443
445
446
444
439
439
441
448
459
463
469
463
454
451
450
448
449
457
457
461
458
453
451
451
457
465
470
471
467
468
462
462
468
475
478
472
466
459
456
461
472
481
492
477
468
467
468
470
466
463
470
481
488
483
472
478
496
520
519
498
475
464
463
472
484
497
513
513
496
496
521
586
592
524
497
493
510
549
539
515
507
511
522
521
510
497
496
501
518
541
542
513
506
515
525
524
514
504
503
500
506
502
506
511
513
508
521
527
521
518
511
505
506
515
511
519
517
507
521
521
521
522
513
498
489
492
509
547
605
573
496
497
501
550
629
573
495
490
488
506
519
508
511
515
513
528
547
598
626
563
491
489
483
491
513
530
535
539
541
540
530
540
541
517
510
513
540
574
594
554
517
529
559
554
523
535
557
563
534
508
495
499
506
519
545
552
524
505
496
495
502
512
508
503
511
500
486
484
486
485
479
487
493
509
514
508
497
487
487
495
522
541
544
542
571
572
549
552
552
539
550
617
609
541
510
512
533
581
589
544
523
531
590
605
564
523
525
553
771
765
543
478
479
500
557
590
585
573
596
738
765
653
530
519
545
636
623
576
570
597
605
612
608
590
560
527
542
602
668
624
559
527
537
559
553
535
530
515
516
529
540
543
538
533
553
538
523
526
524
530
524
519
517
506
515
517
524
550
548
518
521
526
547
553
537
525
529
540
564
564
544
521
519
528
545
566
563
539
531
530
532
547
532
517
518
518
529
537
546
568
554
554
547
540
548
595
610
550
560
572
615
612
569
533
534
536
552
578
552
528
532
557
664
625
558
540
531
552
555
523
545
554
581
595
564
537
525
511
515
513
512
520
538
531
520
513
519
520
519
517
498
503
513
514
512
521
533
557
568
562
550
552
546
559
564
566
553
543
541
525
526
544
568
569
556
543
536
539
542
547
549
535
534
539
563
612
611
549
537
532
534
533
522
523
541
547
554
551
534
542
560
582
577
573
569
586
596
574
554
531
517
518
525
549
587
581
539
531
517
513
524
585
827
759
563
556
559
601
617
563
534
541
568
639
630
601
574
557
568
577
580
584
551
546
555
561
568
554
532
533
530
542
551
594
582
527
524
521
526
530
545
536
540
529
526
524
515
505
505
515
524
536
534
523
510
510
515
528
540
561
561
532
541
553
552
531
534
530
522
521
521
520
530
521
528
536
546
548
521
532
521
527
504
500
489
493
489
490
497
492
496
503
516
542
579
615
613
582
543
549
542
536
533
539
549
546
546
550
550
561
563
552
554
558
564
575
587
583
542
521
517
540
577
880
797
637
576
551
535
535
545
584
664
917
837
732
621
614
612
626
654
662
727
746
649
633
592
646
737
773
704
718
702
707
679
732
997
894
694
624
605
642
658
658
757
950
748
686
648
611
585
626
725
797
683
619
604
603
624
630
605
571
563
608
658
627
621
553
544
537
521
526
525
535
546
548
531
553
576
594
580
561
558
533
524
526
537
544
542
557
573
620
671
611
584
556
536
540
557
676
768
754
697
671
657
694
688
666
631
611
626
665
770
788
672
632
629
619
640
713
787
686
631
630
632
606
595
616
645
665
637
591
555
548
579
721
751
686
652
644
621
612
603
613
604
594
574
561
566
617
892
832
726
658
631
640
639
636
639
653
670
649
612
587
590
655
727
846
771
670
628
622
628
662
800
838
737
678
645
622
608
632
722
962
854
688
637
622
634
664
646
637
931
814
675
607
609
672
932
860
745
670
656
704
949
872
768
631
620
624
650
949
894
830
700
664
661
691
790
806
719
639
600
575
602
904
881
885
770
740
705
692
680
686
715
738
782
775
729
699
673
641
646
729
966
894
762
707
680
686
727
706
699
679
674
628
675
961
868
784
657
637
622
631
657
700
945
912
884
762
688
663
668
692
757
820
729
669
645
672
688
792
858
776
768
713
719
691
689
701
745
802
760
710
658
638
631
674
929
912
918
828
723
718
796
903
833
812
697
651
669
936
900
880
761
701
688
705
689
662
674
718
957
870
762
681
690
698
687
699
688
687
698
688
682
636
615
615
643
672
665
669
651
615
590
582
576
579
610
852
810
784
690
671
670
656
637
641
609
601
596
639
791
823
787
795
775
731
717
715
714
694
710
671
640
620
637
687
762
766
756
688
654
639
642
652
673
688
703
700
669
627
633
647
767
805
743
737
712
706
690
690
703
639
629
643
682
688
668
650
694
944
864
827
685
675
684
746
859
818
753
704
729
853
985
910
812
769
752
760
744
759
804
702
738
872
836
730
652
680
716
710
657
679
929
876
838
726
698
692
704
667
658
717
838
820
748
715
696
664
646
629
634
650
708
938
879
833
714
689
667
673
686
696
688
693
821
846
716
761
842
824
806
778
745
686
664
654
659
740
965
901
898
819
742
713
704
715
732
751
705
680
716
941
907
905
841
746
721
730
725
728
713
698
742
824
891
842
781
733
683
694
742
805
771
707
700
716
672
674
725
814
809
780
766
681
653
708
773
805
809
778
758
775
772
731
685
692
775
986
878
725
684
675
682
706
679
693
707
667
740
756
743
741
753
736
706
662
644
624
640
690
932
863
831
705
701
660
667
688
940
882
869
741
712
706
728
691
721
692
635
694
867
813
702
667
709
832
842
787
771
772
786
731
693
747
979
932
897
825
747
701
686
673
668
684
894
892
881
856
779
699
691
686
706
707
679
647
637
674
690
740
727
738
732
701
703
701
703
677
654
651
643
691
779
825
759
750
732
724
714
685
676
663
709
756
760
657
631
642
677
722
744
729
701
668
680
729
778
759
746
735
717
672
662
692
769
823
779
673
621
612
603
613
629
729
959
881
759
717
699
665
662
695
806
885
879
794
726
704
764
771
788
755
707
723
777
777
756
736
709
687
663
688
747
810
804
803
755
691
668
695
719
753
749
684
665
691
699
656
672
692
697
669
657
693
763
792
739
713
684
675
673
669
611
648
689
709
713
778
762
800
719
659
681
722
768
728
697
679
707
952
875
857
735
718
727
729
691
681
727
933
877
836
735
709
756
775
738
652
630
652
698
683
690
729
937
857
856
763
697
706
723
739
795
830
732
693
774
938
855
817
803
794
758
736
732
721
803
979
959
915
883
754
680
710
794
862
864
805
788
771
792
844
785
746
724
805
882
806
775
732
762
833
797
762
694
667
677
786
928
800
731
662
638
638
654
634
687
766
767
790
749
729
666
663
669
708
693
664
657
701
758
834
782
773
736
713
701
698
712
702
691
655
662
714
906
818
735
680
685
708
747
730
724
750
952
896
748
673
642
642
704
672
657
701
764
766
675
666
706
760
776
797
727
736
780
790
757
703
705
690
678
681
665
680
651
623
621
619
610
589
577
555
557
555
548
538
544
561
582
632
637
654
612
575
595
589
582
580
566
539
531
526
515
510
511
526
573
629
633
636
648
625
597
622
641
660
670
656
611
581
607
642
636
635
629
591
572
569
567
576
600
627
597
571
553
558
557
571
581
572
542
532
524
523
519
522
538
579
694
723
678
662
636
608
580
617
658
679
651
626
629
610
612
600
607
595
591
608
623
632
624
609
607
610
615
621
647
623
597
600
589
577
564
595
647
629
615
642
646
640
655
646
654
646
667
669
634
631
635
671
699
676
658
677
683
660
629
635
623
629
624
643
620
593
614
638
649
647
676
726
768
700
669
685
671
678
666
643
640
673
727
688
647
641
696
754
731
694
707
748
754
704
696
692
703
697
662
676
695
713
717
663
647
633
592
660
747
817
730
696
655
640
650
696
835
843
724
723
727
771
735
741
756
783
750
702
672
643
662
729
950
869
823
678
671
694
777
809
768
756
801
801
747
704
660
638
679
771
797
723
777
832
795
748
716
678
653
645
661
657
640
804
825
674
667
657
677
719
695
660
682
681
687
680
679
687
686
724
663
646
667
660
663
670
691
696
709
687
660
662
636
653
638
652
646
647
670
696
742
682
635
652
639
670
671
619
593
576
587
628
723
749
698
698
660
650
656
640
634
642
642
622
598
564
582
616
627
630
601
600
577
565
554
553
555
564
571
574
585
569
568
572
585
574
587
585
575
609
688
741
658
656
656
666
644
608
647
659
632
622
662
723
746
695
660
638
646
652
677
689
697
711
729
701
700
732
797
739
690
660
680
721
713
678
878
874
724
658
644
657
742
969
884
813
770
710
739
727
724
754
938
860
799
723
743
820
720
655
646
678
766
753
769
821
771
715
664
667
672
665
659
672
708
698
683
722
770
775
694
658
690
779
773
695
640
642
658
749
722
680
660
646
649
637
634
615
595
590
590
619
636
635
643
607
587
568
564
574
568
566
556
554
557
555
566
578
588
566
580
577
583
568
571
596
611
606
606
594
603
613
631
661
665
651
619
593
574
556
551
582
837
814
820
824
699
663
642
642
672
725
791
778
766
740
720
726
685
711
768
766
708
678
664
601
590
584
577
612
675
769
793
681
658
702
721
718
687
681
663
700
733
748
727
717
719
723
728
743
740
765
742
696
660
652
649
699
935
873
871
823
693
669
719
790
852
861
795
821
808
813
743
740
783
741
731
732
758
810
699
719
724
752
750
722
669
656
686
688
649
677
632
606
595
576
572
549
557