828
840
820
780
748
787
812
799
813
840
839
817
781
800
830
858
835
785
777
860
870
918
935
884
829
765
761
836
884
892
833
831
821
807
803
765
696
690
719
743
800
901
888
849
835
919
874
817
785
745
763
882
967
913
858
855
835
825
865
888
900
881
852
844
764
822
836
826
826
919
898
872
811
836
819
787
782
770
754
770
826
1036
996
903
880
842
724
732
771
887
941
914
939
932
892
788
837
848
882
909
971
920
815
807
815
832
783
805
890
876
816
847
845
816
796
857
809
757
790
800
762
702
779
766
769
839
859
865
791
789
844
826
803
793
911
955
948
895
825
794
788
850
903
853
799
820
812
799
763
774
815
967
1024
1004
994
981
950
926
947
945
945
898
889
855
862
939
938
964
1021
1015
900
875
840
818
829
957
1008
975
905
811
851
864
882
837
779
768
844
947
930
917
834
777
729
755
725
713
731
860
984
996
932
854
843
853
860
867
884
891
859
799
832
845
876
841
814
850
895
918
899
830
839
826
842
828
856
871
908
857
873
881
885
825
834
865
847
805
767
788
884
989
957
894
924
917
879
828
871
879
887
822
858
846
827
793
825
835
862
805
841
834
776
748
722
793
779
784
838
860
828
769
788
793
838
822
806
764
765
807
887
944
987
994
1001
997
961
917
841
855
866
878
860
826
802
860
910
955
933
854
873
877
872
826
881
899
844
819
869
896
903
839
799
844
896
984
931
906
921
930
904
840
818
873
918
930
854
811
808
786
781
781
872
872
864
879
924
896
847
780
779
798
809
781
801
877
882
823
838
830
810
791
770
857
905
925
938
873
840
795
764
731
736
674
702
705
802
806
841
797
721
699
683
653
640
641
646
636
643
648
646
646
668
673
675
682
682
669
657
673
671
676
668
673
683
693
695
676
692
677
694
666
660
669
656
650
641
646
657
677
676
664
672
656
638
633
630
622
615
624
650
664
666
658
661
670
655
670
666
641
645
660
671
657
666
702
698
675
673
664
652
644
649
666
680
690
713
720
751
718
684
694
684
676
681
699
697
714
706
706
716
704
695
727
699
685
696
692
704
702
727
724
711
734
739
744
756
812
811
760
800
750
730
649
655
658
697
723
829
835
808
772
792
812
778
788
801
842
803
828
823
772
799
816
836
780
796
817
788
783
774
725
710
707
684
688
733
833
784
718
687
702
702
700
688
702
647
652
683
690
687
688
667
666
654
661
647
649
647
653
652
667
691
706
716
725
720
714
696
688
695
711
702
685
671
667
683
689
684
716
724
730
701
685
697
702
708
701
689
726
723
729
725
711
734
739
728
727
726
722
705
714
700
682
690
681
685
716
799
845
800
766
797
791
723
681
666
677
699
735
853
836
802
751
780
810
824
771
821
782
793
754
749
753
777
743
702
706
698
692
701
754
767
767
740
749
763
729
774
739
712
698
712
708
728
712
711
692
688
664
648
637
638
637
649
667
682
673
667
686
684
678
654
621
609
591
575
558
546
544
548
552
553
555
555
563
571
579
573
571
581
584
578
577
577
567
548
538
536
540
532
520
508
503
503
504
508
510
511
515
523
523
523
518
513
514
516
519
521
515
517
517
515
510
509
512
518
515
510
507
512
519
527
532
536
537
537
534
531
529
524
525
529
537
541
543
529
524
526
527
533
538
538
531
526
529
530
532
534
540
537
533
529
530
542
558
566
563
561
559
559
541
536
538
547
556
559
561
572
598
606
602
599
590
592
596
599
582
570
562
562
571
585
594
607
598
610
623
616
613
617
606
613
604
593
591
604
609
603
591
577
586
609
611
609
594
603
603
603
604
602
606
602
597
603
601
610
604
585
574
565
577
583
602
625
605
585
587
596
604
620
611
594
577
572
574
583
582
577
580
588
592
586
577
579
597
604
591
584
576
573
568
570
577
590
613
624
626
613
603
617
637
681
666
638
623
614
609
625
614
605
612
646
672
681
650
654
642
645
654
631
618
624
625
631
635
618
619
635
642
643
642
638
631
605
606
608
628
642
627
604
597
595
599
613
597
590
586
595
595
590
571
542
539
540
552
575
585
589
590
588
579
576
578
583
602
605
607
596
594
585
584
586
583
564
548
545
562
587
604
593
573
571
583
613
653
629
625
625
618
621
614
612
598
602
621
659
663
651
640
635
638
648
668
682
644
626
615
611
616
626
658
660
648
628
616
613
627
641
627
625
636
650
666
646
627
621
640
668
688
663
622
602
586
586
591
603
604
604
606
632
665
688
668
671
656
651
638
619
618
639
649
650
638
646
673
670
651
669
675
665
655
650
656
656
625
607
605
621
630
633
630
643
676
698
710
674
656
597
567
550
568
581
610
641
661
661
648
642
626
596
597
615
646
643
625
621
628
638
644
643
630
630
626
616
604
608
645
702
734
745
731
712
687
674
680
690
681
672
669
661
684
712
737
763
760
727
712
688
639
611
597
613
650
700
724
731
710
679
653
646
650
675
695
706
703
719
702
688
673
646
625
619
629
661
705
745
742
715
723
692
669
639
613
613
627
675
759
727
716
714
713
724
727
690
658
629
619
622
645
679
702
695
678
676
655
643
644
653
670
687
690
633
621
613
598
593
603
619
646
674
688
688
670
675
665
671
675
648
646
654
703
763
792
705
637
606
608
635
708
750
735
705
690
657
625
607
604
626
656
680
680
692
686
673
650
631
629
634
643
650
648
648
629
605
611
646
649
650
646
649
647
653
652
670
665
663
677
674
660
653
662
670
629
603
592
619
666
735
726
740
726
726
729
722
695
688
694
691
703
707
703
691
682
678
684
684
695
697
692
695
679
656
639
630
617
626
634
629
682
771
856
797
756
738
722
721
729
760
767
803
826
822
811
797
798
791
796
769
775
758
733
732
716
696
703
814
925
903
852
798
777
765
768
778
900
943
988
938
887
841
828
815
828
846
860
852
863
852
845
807
797
799
793
761
762
854
921
830
800
845
867
827
902
957
885
888
860
853
854
916
890
895
911
893
854
904
904
893
865
886
921
880
814
763
748
792
952
949
907
882
877
882
868
872
920
959
932
906
871
869
904
963
953
958
957
931
892
899
914
891
861
856
919
909
870
857
930
929
832
867
867
826
850
903
890
862
898
877
857
805
854
852
841
834
879
878
913
836
883
893
867
847
898
953
906
936
971
930
870
873
867
835
889
879
848
749
806
899
886
890
886
875
814
872
872
817
784
897
944
966
965
987
972
900
849
885
936
962
898
936
956
967
938
977
947
928
978
1002
984
955
931
885
884
916
917
885
937
954
985
937
990
995
936
899
990
1047
985
1035
1059
1034
988
999
975
918
941
973
942
932
953
936
878
925
906
851
870
894
873
850
922
934
865
914
924
916
869
929
923
890
936
1000
992
941
984
1022
1025
1037
1024
964
897
881
865
861
1019
1014
973
983
938
854
863
839
819
871
953
979
932
967
939
850
815
809
795
740
739
781
810
1061
1153
1145
1056
1012
988
961
997
981
957
954
943
939
915
939
931
884
845
889
928
972
956
929
979
950
922
862
865
862
852
872
917
990
1005
915
882
913
927
885
875
896
903
869
918
926
896
882
902
884
839
820
879
897
896
885
918
914
877
837
892
943
952
871
931
966
919
903
928
922
921
928
961
930
875
898
908
917
895
938
962
915
898
912
876
855
899
918
887
921
999
984
938
930
926
868
862
895
881
856
933
982
956
930
975
959
886
841
845
840
836
896
973
951
905
938
938
876
878
862
818
820
873
848
829
898
1014
978
956
946
897
841
880
896
930
928
980
979
928
904
882
871
814
834
877
879
846
908
917
811
803
741
758
772
793
866
948
976
910
904
894
894
869
860
929
978
988
1014
1024
1061
1006
968
1010
1033
1030
971
977
1003
992
970
992
1029
973
941
940
929
911
945
972
943
887
956
937
878
862
879
853
843
920
938
898
924
895
851
872
888
869
813
819
822
793
788
826
869
843
803
829
772
723
748
740
760
840
866
830
820
837
873
884
852
850
871
880
850
891
915
846
829
840
827
827
888
866
837
866
877
881
849
869
891
854
816
852
858
823
834
870
881
837
853
863
866
839
862
878
872
845
819
860
877
860
893
925
936
867
893
907
922
909
914
937
898
906
930
946
900
938
988
970
946
976
966
914
961
1014
998
961
984
969
892
888
890
867
844
900
963
955
915
956
969
947
899
935
937
900
918
963
931
899
931
928
876
912
917
891
946
1002
954
913
952
981
934
956
967
943
947
965
952
915
931
925
912
947
979
946
926
945
936
909
931
934
878
899
918
906
949
987
970
927
963
952
912
926
907
879
862
939
972
926
935
912
874
903
901
914
859
846
933
1041
965
970
1013
1024
947
969
967
907
921
1022
1027
945
931
944
931
920
986
1022
961
1017
1018
929
889
908
883
866
933
945
881
910
968
960
910
919
908
863
923
998
975
932
946
966
982
1002
968
911
884
906
903
837
854
841
808
805
816
789
727
694
723
766
792
796
762
731
707
701
701
711
720
679
680
675
677
697
716
730
750
757
726
711
736
759
776
789
749
727
736
723
686
684
667
645
659
657
663
689
719
710
725
713
741
739
725
751
749
792
788
771
786
758
773
782
801
819
745
745
707
722
708
700
717
726
746
766
814
828
798
776
796
793
795
772
811
803
783
792
869
854
844
843
852
842
787
831
826
806
793
813
893
935
895
861
876
850
815
810
845
849
825
826
828
764
737
748
762
738
756
790
809
801
861
857
805
854
883
848
813
831
866
856
847
886
878
885
870
828
814
831
893
889
913
951
982
914
905
920
903
910
900
909
919
871
897
896
864
834
798
808
863
854
844
797
769
847
790
799
851
864
834
880
938
939
893
923
947
958
941
910
885
833
835
884
892
876
956
960
918
884
917
945
863
896
910
880
908
991
979
917
866
824
845
820
762
746
853
945
898
873
864
852
820
851
827
804
830
853
907
864
898
904
867
850
863
780
730
705
670
671
676
700
727
776
786
814
777
806
775
820
801
810
766
763
767
776
774
826
841
770
800
791
790
771
718
719
690
707
734
756
828
868
865
879
844
814
794
798
828
833
873
909
931
896
914
921
906
849
860
852
859
817
787
824
775
874
899
855
866
872
811
767
718
731
717
745
813
752
819
831
820
840
874
938
932
905
852
853
846
855
915
957
950
934
908
886
844
873
857
870
870
886
873
843
885
872
843
854
831
818
828
857
850
831
853
861
821
809
785
822
840
925
941
908
899
896
902
879
877
872
851
877
943
961
955
979
930
914
900
867
875
937
917
869
900
916
885
862
915
914
894
925
925
860
869
875
893
844
811
776
741
746
810
774
855
874
875
836
860
864
849
823
852
850
854
864
813
825
859
853
845
850
839
790
821
773
807
816
851
862
781
749
743
756
787
870
874
880
878
852
850
859
846
873
901
919
952
928
874
818
842
888
938
913
858
895
838
862
891
910
890
867
842
828
843
872
903
937
962
924
903
903
916
872
859
885
881
887
892
828
778
773
794
829
813
867
847
848
873
879
879
836
876
913
865
839
823