914
880
846
892
896
862
819
885
954
895
950
810
718
858
781
729
891
1168
1111
1002
833
728
798
926
1006
933
869
824
1017
1169
1080
853
746
865
959
1011
895
810
883
1005
1039
914
818
926
958
1050
1008
915
924
1030
976
942
878
963
1128
1080
953
871
1170
1176
1095
1061
1184
1181
970
890
934
1099
913
944
983
1152
1026
1102
1179
1139
1054
854
929
1040
939
873
958
1008
1014
908
837
874
1015
1065
1063
907
821
854
1015
1025
1069
1029
886
803
740
742
820
989
1114
1007
815
771
764
708
692
685
696
920
958
998
990
960
841
723
715
703
824
870
940
955
895
771
706
704
799
906
1011
968
870
741
734
750
825
902
975
1004
896
786
723
834
949
1047
989
1011
906
740
780
831
1040
984
999
896
820
731
839
873
1013
1018
921
788
712
702
694
759
1192
1124
1087
1028
850
729
717
764
848
959
972
907
782
716
747
809
892
900
850
810
699
731
776
887
950
935
843
723
697
669
699
858
950
980
933
791
721
744
742
783
784
805
774
721
685
705
756
844
829
796
724
679
695
707
803
862
896
900
812
752
698
771
766
844
825
803
733
692
728
782
861
869
829
769
774
784
810
864
834
873
823
774
746
808
869
889
850
739
726
754
713
703
683
739
830
925
931
971
942
840
766
768
842
948
1012
993
914
810
862
958
969
935
855
802
816
928
986
987
894
833
803
880
952
962
901
859
822
874
973
988
917
866
822
870
935
1013
940
885
842
881
1000
1018
953
877
849
895
939
940
915
777
718
756
937
1217
1127
1068
851
805
856
774
748
752
848
973
1018
983
983
932
934
953
874
845
910
959
997
981
928
938
947
905
855
870
862
878
817
758
729
658
653
651
681
700
767
757
750
771
752
819
868
822
777
732
717
691
689
690
717
682
653
676
656
635
666
731
799
910
856
747
684
770
770
762
775
851
788
791
799
790
809
729
672
714
737
745
785
745
695
772
734
768
778
757
740
694
679
668
658
636
628
693
788
810
823
861
852
853
814
786
754
735
680
678
708
754
800
872
868
857
860
826
700
727
669
672
705
786
812
881
880
903
888
860
709
741
709
768
795
753
763
774
838
829
831
835
803
824
785
802
775
754
792
764
721
831
895
908
860
824
767
752
766
767
774
771
771
771
708
743
757
760
803
833
903
844
942
916
782
762
881
775
710
814
952
923
893
844
822
757
751
777
888
935
892
892
931
865
900
842
816
875
850
797
849
862
873
880
876
821
738
676
701
712
798
759
773
826
885
813
807
790
750
792
772
847
837
797
836
905
825
851
869
827
846
829
768
756
800
797
828
802
764
688
755
763
775
791
809
774
726
720
743
709
682
636
721
731
710
714
742
772
816
804
800
730
662
656
674
745
766
793
814
818
749
757
724
740
767
839
964
1022
996
1050
912
814
770
702
821
837
896
780
728
882
856
862
829
876
840
788
749
757
788
729
796
854
823
905
807
775
710
643
623
612
662
720
793
795
772
744
674
677
680
711
701
782
830
825
846
781
771
726
684
633
644
610
598
586
580
578
570
563
556
567
608
646
612
596
598
630
653
624
598
572
559
562
586
602
616
613
587
563
542
536
536
549
583
596
576
556
549
545
545
552
565
595
607
618
614
630
630
633
603
588
589
588
595
587
580
568
554
547
546
541
557
666
738
777
745
766
752
718
771
711
725
760
699
669
667
719
762
806
818
816
676
666
700
771
866
843
735
646
642
630
662
701
786
760
755
719
717
764
823
800
755
754
753
717
671
717
651
773
770
767
665
681
626
618
632
624
632
603
599
575
573
598
616
596
584
595
595
627
740
750
748
721
619
587
561
546
563
662
688
678
661
669
623
700
731
741
624
607
601
626
635
677
699
670
718
728
631
610
608
647
696
675
690
627
716
689
761
669
657
688
727
705
642
647
625
627
674
635
756
723
772
750
664
730
691
725
716
664
691
692
720
726
712
630
672
708
749
765
668
637
643
680
641
709
739
794
799
793
775
774
804
872
848
792
767
729
749
691
808
845
850
754
669
716
716
713
652
669
780
825
768
669
702
698
744
763
770
686
735
745
762
758
640
645
655
722
741
787
816
769
694
801
793
832
826
797
710
820
803
849
845
813
771
774
799
795
759
773
802
826
844
795
841
821
777
801
772
733
687
714
696
782
730
652
706
770
737
755
782
774
730
767
774
732
778
759
804
820
793
741
679
641
635
634
668
729
805
860
857
840
814
753
809
798
800
835
816
798
766
799
824
918
915
892
915
891
827
714
787
762
813
867
824
785
813
810
777
760
799
736
770
798
778
792
846
846
855
816
755
688
686
719
764
796
803
856
819
824
856
827
871
831
754
754
794
767
748
730
791
771
800
800
777
725
771
745
671
639
635
727
723
713
706
755
790
818
735
679
701
702
745
738
681
701
712
804
871
853
830
701
692
715
689
694
659
740
764
784
780
734
646
689
691
656
647
720
780
813
780
724
713
701
776
821
749
674
735
746
791
777
866
852
825
765
811
786
773
782
797
753
765
780
776
730
781
765
781
729
774
741
712
697
685
624
670
727
660
736
750
754
678
733
684
645
682
688
721
675
710
730
703
701
650
710
703
715
697
702
709
689
675
651
678
632
619
611
611
652
762
730
737
724
659
643
684
725
748
726
669
719
686
680
699
720
733
697
656
639
677
636
639
664
717
762
729
637
628
626
714
781
856
819
824
754
736
704
768
837
853
845
817
797
830
799
772
776
733
745
798
820
805
784
701
680
745
795
806
766
750
757
683
660
641
661
639
609
608
630
623
616
613
640
744
727
697
683
632
646
612
587
584
581
597
633
653
695
751
740
657
654
638
638
690
640
725
718
743
664
632
624
688
751
737
693
650
672
667
667
646
717
795
859
819
688
741
728
788
805
753
665
702
706
659
718
688
711
694
636
688
701
773
785
787
808
771
747
749
809
788
755
708
721
698
723
746
866
821
813
771
792
784
759
657
750
776
746
718
730
713
741
760
815
815
797
780
776
834
830
796
710
706
809
853
948
958
951
885
813
713
790
703
855
851
772
842
850
902
823
719
767
848
945
933
938
878
740
792
910
1101
1097
1055
954
875
848
980
1055
979
910
867
868
1009
1061
1044
905
746
794
939
1051
1005
979
1083
1030
996
789
719
828
742
928
1199
1177
1105
1013
959
1014
1017
1014
966
1043
1129
1080
1032
1135
1123
1017
975
1110
1131
1010
838
731
868
1253
1213
1172
1125
957
815
770
868
1089
1114
1054
963
855
750
914
1150
1112
1053
975
910
836
916
1009
1001
1016
1013
942
851
839
986
1031
993
922
868
1044
1039
977
915
854
734
717
856
839
746
836
968
1120
1089
1061
1046
1047
1049
1033
1014
1013
1047
1063
1065
1087
1086
1034
1035
1060
1059
1080
1091
1038
1134
1131
1130
1086
1152
1104
968
791
758
977
1120
1141
983
1076
1156
951
865
986
1038
919
749
767
744
910
1276
1146
1082
1155
1085
1038
1111
1072
948
1029
1107
1003
1098
989
959
1022
938
1008
1019
947
976
1007
814
718
703
828
1109
1149
1102
931
768
753
865
916
936
798
757
864
803
813
891
925
938
961
945
951
913
928
945
916
962
911
851
847
915
1077
1064
1092
1071
1019
969
984
932
848
830
959
1253
1196
1149
982
846
811
942
1213
1215
1158
1109
1020
909
824
834
871
1243
1242
1188
1076
976
874
916
940
1004
991
978
980
1041
1086
1016
1002
1000
1037
1180
1125
1148
1145
1031
926
839
930
1074
1110
1123
1081
971
899
947
994
1059
1121
1182
1043
907
967
1130
1114
1035
978
854
734
870
857
1090
1159
1154
1132
1038
983
973
986
976
1003
1064
1033
1069
1033
961
1035
1036
970
1004
1120
1100
1027
854
777
843
967
927
820
796
902
1003
1089
1046
943
964
1044
1022
955
1035
1074
996
1071
1070
1026
1008
1141
1172
1105
992
773
757
874
1263
1272
1130
955
825
884
1067
1056
1024
938
1008
1108
1047
1048
934
946
930
922
819
772
927
960
859
787
849
962
1043
962
922
1021
1055
1079
970
915
1010
1106
1129
1165
1139
1090
1027
1091
1068
1095
1073
1067
1112
1104
1086
1075
1054
1034
1054
1047
1064
1066
1030
966
960
1000
1029
971
995
978
910
810
788
865
963
1059
1021
927
814
800
846
960
1119
1042
942
1021
998
918
861
932
999
1271
1218
1169
1063
976
984
1033
1114
1117
1103
1063
1046
1053
1045
1040
877
866
991
1017
1003
1029
1098
1054
961
989
1001
962
965
958
929
980
999
973
905
811
788
870
922
954
862
782
787
806
761
810
924
1049
994
907
949
1021
976
1098
1073
1090
1070
1077
1092
1019
981
1038
1060
1054
1118
1148
1164
1093
1009
976
983
1022
1021
940
972
1042
1078
1046
896
880
957
978
1002
1027
1061
967
937
932
1007
997
956
831
753
823
936
1097
1051
932
824
817
883
1087
1089
1081
1063
1088
1101
1067
1079
1085
1101
1068
1001
1074
1146
997
1029
1022
990
1052
1083
1073
1056
980
915
798
750
835
1225
1025
891
796
765
751
770
865
1173
1098
1018
855
865
1026
1157
1166
1128
955
884
1265
1237
1234
1237
1203
1204
1192
1207
1254
1247
1246
1213
1171
1197
1152
1157
1125
1117
1099
1114
997
959
953
1053
977
900
864
962
978
851
792
781
799
877
949
902
891
855
796
754
736
736
729
740
787
792
823
778
754
769
780
782
754
681
717
697
749
775
748
757
762
822
813
798
786
727
679
739
756
794
810
748
776
824
796
729
736
782
840
725
729
844
832
795
778
784
873
862
823
874
796
791
833
770
718
655
673
652
702
746
819
836
870
868
804
756
799
844
848
771
689
713
753
758
788
861
963
894
944
910
849
845
877
935
798
769
836
921
970
876
857
776
726
709
704
752
834
848
827
906
886
917
896
914
800
796
795
807
837
803
710
806
813
795
790
720
717
763
783
809
816
853
846
830
757
742
748
823
849
880
876
768
725
817
923
895
844
769
745
876
854
921
898
881
865
873
908
1020
974
964
993
1055
1052
973
1256
1219
1039
929
921
924
960
1011
1073
979
947
959
1017
990
960
989
1013
989
979
965
885
956
1059
1075
883
844
819
744
824
1368
1164
1131
926
901
781
732
863
1075
1011
1037
999
952
836
922
946
868
930
916
811
756
813
1219
1027
900
851
869
821
896
976
1136
1109
1008
898
871
934
973
888
883
748
862
911
1017
1085
1050
933
886
920
945
860
844
929
1139
1099
995
787
761
734
774
877
1037
955
861
763
790
895
815
813
712
765
845
905
891
864
822
699
707
689
713
794
746
719
846
862
866
851
809
839
858
885
916
933
936
927
962
1003
961
870
790
736
812
836
796
830
884
930
941
948
880
854
764
739
766
805
937
903
919
815
882
997
984
931
820
846
866
889
879
816
851
1044
990
998
979
789
716
761
841
926
933
906
855
829
813
834
820
849
800
769
899
1066
1010
941
904
860
869
771
749
787
862
747
887
1257
1176
1101
954
899
858
792
853
1074
990
1013
988
922
934
946
955
940
966
909
1101
1191
1140
1074
984
1038
1125
1086
1060
1070
908
731
720
729
865
937
1013
1083
962
939
902
763
831
837
984
939
938
916
918
973
1025
1008
977
903
917
980
997
857
801
772
843
843
818
847
905
939
912
840
782
741
765
825
842
845
805
748
772
787
811
802
807
770
754
782
793
821
773
717
779
814
853
898
912
887
930
928
891
931
909
975
971
1017
1008
972
914
932
930
963
856
856
893
920
853
862
891
904
827
780
748
810
749
761
810
891
892
848
866
843
855
875
853
814
766
729
729
946
935
913
893
969
1005
895
958
960
907
861
910
909
926
928
851
779
787
790
783
801
823
751
753
758
771
797
791
806
793
788
695
732
791
907
959
843
903
908
789
703
698
757
765
817
808
844
911
883
840
825
841
791
834
877
911
888
825
770
784
804
826
819