736
746
739
766
840
889
845
783
786
792
746
732
731
782
792
774
828
877
793
738
730
724
726
721
735
763
760
694
686
701
731
715
693
701
742
766
756
774
802
821
773
775
787
835
786
798
886
951
878
779
776
885
1023
934
983
974
883
890
945
885
825
818
859
842
853
916
929
885
932
979
949
869
892
938
936
882
970
981
905
856
887
953
888
859
904
946
854
876
935
913
850
879
939
913
1009
1014
972
892
880
958
970
1049
1106
1017
902
922
942
867
827
973
1129
964
935
1026
964
852
843
857
836
804
861
954
910
832
831
836
798
749
757
757
730
685
664
681
741
918
778
734
735
760
806
804
731
678
684
686
713
717
688
681
697
730
731
679
655
651
662
679
679
685
688
735
784
720
690
697
706
695
687
687
739
941
896
809
779
800
835
825
766
754
735
737
732
731
838
1001
935
840
838
836
819
754
717
701
713
832
867
805
843
844
819
752
731
710
747
729
727
756
809
835
807
751
739
729
781
784
746
789
815
837
782
744
762
772
719
688
762
759
747
825
896
845
764
746
714
732
738
767
865
959
929
882
889
908
885
817
803
830
908
883
924
999
967
895
868
851
839
781
811
850
889
895
938
927
893
810
812
819
877
870
929
941
930
864
855
868
893
854
885
917
919
839
856
899
906
833
823
810
806
760
778
854
989
902
905
882
853
783
769
777
830
872
857
863
861
839
784
756
727
729
776
958
925
841
796
782
788
788
740
691
701
731
869
849
794
832
867
883
833
759
748
731
756
803
824
886
923
875
850
860
854
793
755
737
729
763
792
821
879
873
831
772
771
781
814
805
816
856
866
821
779
763
745
717
692
684
704
788
827
749
770
780
771
748
701
668
660
660
671
664
684
667
639
661
661
654
634
636
639
643
616
603
594
590
585
582
572
565
561
561
563
575
582
588
592
600
624
673
691
679
658
678
689
676
655
662
654
634
604
595
610
634
660
684
659
650
633
624
611
612
610
591
599
648
661
648
661
689
697
663
672
662
666
670
700
790
786
799
820
813
761
723
710
725
768
796
807
798
867
821
806
774
764
764
703
692
720
867
820
874
865
832
840
822
752
735
743
867
817
829
862
821
822
842
792
730
700
687
699
761
803
821
754
737
762
886
818
819
793
772
756
804
865
839
819
837
813
763
752
759
773
762
754
751
762
715
713
726
760
720
689
682
698
704
683
653
664
725
739
730
708
686
663
651
634
644
647
675
682
697
742
726
736
710
686
646
634
634
636
628
621
587
584
608
633
611
610
619
650
635
623
620
624
613
596
584
589
592
595
591
594
600
614
621
605
605
604
602
596
577
576
565
558
553
551
555
546
538
535
526
527
537
549
542
547
554
562
561
544
539
534
535
536
541
536
538
535
529
528
527
529
538
539
539
550
548
547
565
588
605
595
599
608
617
630
608
606
608
611
591
585
595
616
599
588
579
590
603
608
603
590
584
576
588
614
618
620
602
576
561
546
538
551
609
670
644
642
622
654
668
642
637
604
574
569
579
584
596
593
594
610
618
610
601
603
612
593
578
569
577
602
610
625
640
628
596
577
555
540
540
543
540
548
570
614
631
635
644
646
635
646
621
595
589
596
579
569
565
557
553
542
532
541
563
591
606
600
593
589
571
558
549
558
554
559
555
549
543
544
543
543
533
524
522
524
532
538
546
557
578
581
566
574
592
620
615
626
618
610
601
596
588
582
568
560
557
544
544
548
549
546
543
556
579
582
587
600
619
640
608
604
612
614
599
574
561
569
586
617
609
612
625
619
601
590
580
597
610
604
600
592
610
612
609
601
610
630
640
621
606
596
602
602
590
594
589
604
617
620
621
637
679
663
645
632
635
622
617
631
648
671
674
676
682
628
598
581
593
618
636
657
687
680
652
632
639
663
678
688
618
584
571
582
626
661
648
626
632
651
645
620
611
611
598
575
557
541
542
551
560
566
574
566
574
585
597
618
617
609
586
576
591
606
621
583
557
554
575
627
686
696
667
659
654
656
675
674
651
630
644
620
637
627
624
649
651
671
655
691
708
697
706
693
661
650
655
679
651
650
640
645
635
634
676
707
685
651
652
668
636
618
613
631
681
701
741
741
718
675
648
645
656
684
721
718
724
700
703
713
690
651
649
671
694
717
677
667
671
657
672
698
706
688
687
657
692
678
677
679
676
667
661
683
632
594
596
612
675
752
769
706
678
660
681
670
685
708
726
693
662
669
682
670
632
646
715
756
732
683
650
666
643
632
613
598
603
615
630
612
585
592
599
597
589
598
605
609
600
602
626
646
645
631
637
661
641
624
630
661
644
647
664
680
657
635
628
610
579
583
597
616
615
606
598
598
592
586
598
612
660
818
786
771
759
713
689
693
682
677
692
709
818
805
742
704
677
670
656
651
665
701
748
717
661
663
647
655
675
670
668
625
607
598
601
624
621
613
626
635
646
646
658
628
600
592
587
607
625
631
612
602
597
602
601
601
612
614
613
603
596
586
589
585
596
613
640
666
680
655
617
607
605
609
640
659
645
629
638
652
650
612
634
630
643
624
608
599
603
622
623
605
596
610
611
634
643
640
627
604
593
580
582
584
583
582
584
602
633
653
646
607
586
581
614
632
643
626
614
624
644
659
646
628
618
595
607
605
596
586
574
569
567
566
566
565
581
577
599
610
633
629
607
611
609
602
598
596
602
598
585
559
550
551
563
564
575
590
621
610
598
604
598
604
628
650
686
701
717
737
725
711
700
657
646
629
661
687
741
747
715
690
697
689
675
669
694
723
690
684
733
803
764
705
672
661
667
640
664
662
669
665
636
626
611
599
614
644
658
652
656
641
646
635
643
645
640
616
593
565
582
587
591
584
563
542
540
549
560
563
578
587
600
618
618
607
602
601
604
607
607
608
604
595
597
618
643
678
707
732
720
703
674
656
639
654
680
669
633
627
640
667
663
641
640
651
668
689
698
708
747
777
712
667
637
637
631
629
653
681
677
671
677
684
653
669
669
651
620
613
609
607
607
607
613
669
699
635
609
613
615
649
678
720
693
680
651
637
638
653
662
688
674
698
658
655
682
717
701
663
655
655
633
626
624
630
648
665
646
623
617
617
633
682
760
796
821
831
839
792
793
833
894
894
884
871
870
823
773
881
938
949
905
934
911
884
795
799
828
896
869
949
966
933
850
842
819
784
768
736
792
869
976
906
914
918
885
818
813
795
808
784
831
886
917
906
857
866
842
833
807
870
909
893
850
888
934
928
838
833
849
830
823
891
945
926
830
822
806
809
783
831
914
981
925
918
900
877
813
803
833
892
896
850
900
878
852
826
843
848
906
860
857
857
847
771
768
818
949
956
893
894
879
825
762
769
804
873
900
924
928
904
857
806
818
821
826
771
810
845
904
850
854
860
854
797
725
675
681
873
1070
1021
963
910
865
800
794
790
793
792
791
820
836
855
847
802
813
811
800
782
796
850
882
876
894
898
847
809
799
827
806
840
862
871
817
804
810
854
821
803
835
880
855
805
800
771
734
693
719
793
1050
936
891
870
829
760
748
777
831
908
869
872
866
873
828
840
859
910
917
871
870
870
851
817
844
833
816
793
794
823
873
817
779
788
795
803
772
798
804
777
768
794
803
772
768
777
831
826
867
875
886
824
819
794
819
814
872
884
876
842
825
798
758
691
674
697
951
995
929
927
897
863
804
803
791
793
740
709
699
713
733
799
916
938
902
785
777
734
728
725
744
807
860
833
804
803
773
742
713
733
749
863
801
803
802
771
716
665
670
690
799
801
833
854
847
768
731
710
715
755
731
723
750
754
844
799
825
818
849
822
823
831
823
755
757
770
789
810
782
838
903
889
853
843
819
785
769
778
782
803
783
778
779
804
764
742
800
898
922
864
838
836
842
807
770
763
787
823
839
816
794
779
782
748
717
736
784
824
761
737
773
825
862
785
785
790
825
817
783
805
818
821
782
740
746
805
883
822
803
793
790
756
741
766
833
849
788
770
792
836
861
820
826
834
820
769
731
716
726
944
926
951
952
925
852
821
790
788
762
762
780
885
921
860
864
853
838
787
788
790
825
822
784
786
808
850
813
778
798
805
797
763
759
750
783
797
722
702
690
696
782
836
786
790
773
797
734
738
736
737
714
707
746
789
816
758
779
771
777
729
701
722
859
944
879
895
906
900
816
773
776
790
786
746
736
756
782
842
794
789
764
735
697
678
691
756
983
894
823
814
818
810
766
754
750
752
760
725
712
728
729
809
794
732
723
769
829
838
771
747
736
746
721
703
672
691
700
825
845
898
930
923
833
785
778
790
770
768
843
885
831
768
744
743
821
837
822
802
799
803
797
766
779
796
834
799
753
739
708
707
708
710
742
732
769
772
871
928
802
726
706
729
748
759
720
713
728
762
790
779
820
826
831
797
770
787
792
806
776
719
705
749
1003
938
884
885
880
881
781
739
703
716
865
793
745
707
771
780
777
812
773
726
694
705
710
719
728
705
715
723
744
733
753
757
772
760
721
716
724
735
740
726
687
688
692
739
791
771
836
843
806
761
759
738
738
749
729
724
793
931
912
858
844
817
772
750
732
738
762
745
784
837
796
723
657
618
594
589
587
588
599
604
605
603
604
612
628
641
644
644
657
666
685
711
708
693
722
784
879
814
806
772
763
768
751
765
803
838
830
781
783
798
814
833
800
815
816
766
738
712
728
769
806
802
725
722
717
729
751
753
729
772
773
775
762
765
783
771
768
817
833
842
826
832
821
810
776
787
796
817
794
830
858
888
875
843
860
848
829
772
743
791
979
978
948
960
930
932
863
846
878
922
919
847
815
788
808
825
902
949
945
938
940
855
810
767
738
767
833
880
866
826
826
771
715
703
699
689
657
643
636
629
623
618
619
620
632
643
638
620
609
605
600
600
602
601
597
597
624
682
747
724
701
671
662
649
652
653
683
679
685
683
678
676
675
673
679
678
673
693
701
709
668
689
690
700
699
698
685
682
666
648
653
650
720
704
737
756
750
725
701
696
683
691
659
655
658
713
724
785
750
764
745
741
768
795
746
705
695
672
672
696
715
720
796
797
895
753
717
709
699
696
659
665
744
863
936
893
847
793
801
799
778
741
762
815
858
799
815
821
780
719
767
807
872
818
786
765
745
738
720
721
688
719
759
867
790
873
852
820
833
823
832
793
823
819
851
801
837
873
862
786
793
778
766
752
767
741
756
804
854
762
750
729
766
746
761
693
682
698
1048
938
877
822
770
752
726
692
671
687
702
700
703
731
767
860
846
806
771
728
718
718
726
753
762
796
841
899
879
854
835
829
785
791
754
795
847
884
811
809
806
795
727
732
759
894
816
849
889
848
812
776
711
694
704
780
900
842
871
870
838
827
816
796
795
783
796
765
810
848
895
823
798
788
857
808
833
772
732
706
791
848
779
731
694
700
703
718
708
708
701
666
669
679
728
734
728
777
929
883
882
853
787
743
702
757
844
851
827
836
826
810
769
744
838
853
850
882
855
835
823
802
789
775
744
792
1003
993
936
866
898
958
953
986
969
951
859
837
894
843
854
859
852
892
948
928
879
791
770
736
750
771
758
780
855
898
873
833
778
772
742
745
735
704
686
996
898
875
826
829
823
813
789
787
771
762
788
831
852
825
801
822
820
805
829
813
813
766
766
803
870
838
813
752
724
685
666
653
669
695
671
656
657
658
676
671
695
704
729
724
681
685
684
672
662
673
741
771
772
763
758
715
707
680
674
669
655
678
748
801
783
755
708
677
662
632
642
641
776
990
896
836
811
825
864
779
767
751
771
806
806
799
769
770
771
845
854
833
809
812
808
791
866
921
940
924
875
844
813
801
777
760
828
1276
1082
1021
988
956
953
954
907
886
911
934
932
917
932
910
824
816
866
939
914
815
837
849
866
854
842
816
811
794
776
766
745
719
757
901
856
843
814
780