531
514
497
485
484
487
499
510
525
566
583
562
537
541
552
579
598
588
560
538
523
519
531
551
592
613
613
588
581
573
588
603
614
580
563
552
549
558
567
575
572
563
569
574
588
576
541
540
541
542
536
532
541
560
623
688
655
621
604
598
593
563
549
559
572
559
556
571
610
672
681
674
652
619
646
672
644
601
585
579
593
620
634
630
635
645
631
655
622
594
576
559
546
540
555
613
624
627
615
586
572
558
538
530
535
545
541
545
563
586
636
681
655
612
615
641
633
666
646
608
609
597
600
622
669
686
676
616
631
631
648
662
636
643
637
638
678
646
658
654
675
717
722
676
638
629
644
664
655
659
632
597
602
622
672
699
700
690
685
623
581
567
564
591
636
646
657
620
597
564
554
553
545
537
530
536
552
596
658
652
656
612
617
617
609
600
564
560
575
568
559
567
578
586
605
592
584
581
563
571
579
597
621
633
605
577
579
582
581
575
571
543
535
538
547
563
584
613
610
611
586
587
575
590
610
610
612
599
582
562
556
561
592
633
656
643
620
601
582
594
583
587
584
581
572
561
567
576
591
604
602
577
565
549
550
561
575
587
599
581
574
579
575
574
582
574
553
536
542
552
554
553
560
579
580
602
611
606
579
563
575
571
574
573
573
580
585
634
644
645
632
600
577
563
557
566
587
582
589
577
567
563
554
543
529
520
515
518
522
526
546
569
547
553
617
648
626
615
624
649
660
660
622
590
587
589
588
598
610
601
611
618
622
638
650
646
628
591
601
599
611
614
596
602
608
620
623
629
618
601
610
602
596
603
593
592
600
590
577
551
547
564
580
567
561
578
601
628
650
654
659
648
635
619
610
609
625
611
614
623
634
662
656
666
656
633
607
606
613
632
647
683
656
639
600
599
617
642
663
678
667
663
633
614
606
623
653
661
666
656
663
668
675
649
650
618
585
567
562
569
570
590
617
641
643
644
606
600
603
602
609
586
567
551
540
538
548
569
602
610
588
548
538
535
534
540
532
537
553
557
568
571
576
566
578
597
626
614
589
574
576
577
598
595
601
574
569
552
544
545
551
601
608
619
607
600
594
584
557
548
550
564
568
568
580
575
549
550
546
546
559
577
593
602
624
622
612
611
607
611
626
623
634
674
678
689
680
651
608
599
602
627
600
582
560
561
586
629
614
611
594
593
588
563
540
531
530
536
531
528
527
532
533
541
547
547
547
540
531
534
531
531
535
521
504
499
498
512
517
522
526
518
506
503
514
534
543
555
567
597
572
557
548
544
570
582
569
547
540
538
535
536
529
524
525
530
549
578
604
594
572
548
531
522
523
532
537
547
539
543
551
563
570
574
576
560
566
549
542
559
563
561
571
566
551
550
546
562
553
561
573
568
562
574
592
592
620
606
595
581
577
578
584
560
551
536
545
573
610
637
657
656
644
625
592
589
554
551
582
600
610
618
614
638
636
625
592
584
576
588
593
574
568
565
563
594
605
597
589
578
570
585
600
629
618
617
606
624
609
605
611
604
576
573
571
617
614
683
677
667
646
610
615
639
637
629
624
592
580
583
582
606
600
586
580
563
582
621
658
648
645
651
612
592
614
610
605
610
587
593
625
660
663
646
638
624
634
618
591
568
561
539
521
515
515
529
573
638
672
665
649
640
606
588
589
565
562
554
573
566
563
563
562
562
557
545
534
525
522
523
538
556
571
580
552
545
533
524
518
511
504
507
520
536
570
572
582
585
554
547
552
556
555
539
532
528
541
556
583
564
559
539
530
520
517
519
521
521
523
544
578
613
636
646
628
623
577
557
557
535
540
541
554
548
549
538
529
535
548
550
534
524
521
525
529
525
525
532
518
503
500
494
497
505
512
528
594
595
615
613
609
604
566
533
513
500
498
501
507
502
497
499
505
500
497
496
492
490
487
485
481
474
474
472
476
479
480
472
473
470
465
466
466
461
461
466
467
467
463
467
461
451
446
444
444
446
450
456
456
453
453
464
459
457
447
442
438
439
441
444
446
443
439
437
439
439
445
451
455
461
470
477
484
494
496
491
483
485
479
479
478
475
471
473
470
470
461
456
456
464
471
475
470
470
468
463
462
463
466
475
483
494
498
500
504
505
512
508
499
483
475
463
458
454
454
455
461
466
467
473
473
470
473
468
462
458
456
456
458
452
446
445
446
449
464
484
533
601
618
600
574
583
565
553
555
571
554
530
531
532
528
532
534
523
508
494
488
485
481
478
479
480
487
490
487
481
478
473
467
469
472
480
484
490
492
500
500
497
489
480
477
473
471
466
460
457
453
447
442
439
446
469
511
574
584
572
599
611
585
575
559
535
516
511
511
509
502
495
499
502
500
509
516
510
501
489
480
476
475
477
474
473
472
475
483
491
484
482
486
490
498
506
499
485
486
489
491
496
493
487
484
479
483
487
493
498
497
496
494
491
487
483
478
472
467
463
465
469
482
518
592
600
570
598
622
610
593
563
537
524
521
525
541
538
536
542
541
531
526
507
495
487
484
486
487
493
502
516
534
548
551
555
556
559
571
558
545
524
512
508
512
524
535
535
538
537
551
569
565
564
583
573
555
529
521
520
523
529
538
537
538
525
521
513
522
533
542
543
548
567
584
562
553
544
549
556
561
550
555
546
547
546
553
567
576
550
538
534
533
531
533
526
537
527
513
504
504
512
517
519
522
521
531
533
533
532
527
514
516
508
506
505
500
493
488
494
508
523
532
534
532
519
510
500
489
481
479
482
490
509
535
555
594
604
619
617
617
596
610
589
560
553
555
556
557
551
547
542
538
529
537
534
538
537
541
540
534
536
537
551
557
556
544
529
521
520
516
513
511
510
513
520
523
531
527
517
506
500
501
507
515
517
518
518
523
520
514
517
515
519
519
525
538
542
551
554
549
547
537
517
508
501
501
503
515
520
529
553
572
568
607
636
611
609
593
580
561
559
553
557
557
543
548
548
552
566
569
555
549
540
541
547
544
534
539
534
538
536
543
549
550
563
565
589
612
643
628
605
609
573
551
536
528
528
538
537
552
571
590
596
594
590
592
609
611
592
582
572
572
563
555
538
537
535
536
549
562
565
563
576
575
558
545
540
545
554
561
557
552
551
537
527
521
511
503
501
502
506
513
539
535
560
616
635
643
616
599
593
599
597
577
576
577
578
569
557
554
548
561
552
552
547
545
562
574
590
584
587
576
566
551
543
546
556
572
579
577
570
576
575
557
547
526
518
514
518
529
545
568
575
587
570
562
543
536
537
545
557
553
574
589
579
571
563
542
523
515
509
513
523
538
532
538
541
543
564
591
611
613
625
618
607
598
579
555
537
521
511
508
513
517
521
524
538
546
551
541
549
558
583
573
570
563
549
545
536
538
532
528
524
535
542
557
569
584
584
576
594
598
573
584
567
551
536
532
537
538
548
545
552
552
545
548
545
552
546
551
553
565
561
553
545
540
535
527
521
514
504
500
500
507
516
522
527
546
553
558
553
541
528
522
528
535
529
521
518
538
601
631
643
646
641
624
603
577
593
563
533
531
523
522
535
547
557
556
547
558
557
544
546
534
529
527
523
527
537
538
563
596
613
610
604
592
573
562
558
551
542
522
517
509
509
515
524
541
539
550
548
551
555
569
594
608
634
599
612
601
608
653
633
611
611
618
621
630
646
678
714
710
719
725
709
655
654
653
664
694
658
656
658
661
662
649
651
649
683
690
692
681
632
614
641
693
725
707
689
714
686
669
620
591
608
594
618
640
664
668
668
646
638
615
648
694
700
707
693
621
592
584
577
574
573
615
662
697
729
729
702
689
672
682
692
679
680
666
658
635
646
640
633
617
624
628
638
640
601
583
584
584
585
588
599
656
674
686
683
634
621
611
622
652
648
622
629
624
646
644
648
620
595
578
575
626
663
727
706
715
690
679
679
645
644
642
641
654
652
614
579
578
605
611
607
625
655
694
701
694
659
609
613
608
621
633
652
629
617
607
597
595
628
674
693
687
662
632
608
593
593
618
639
668
650
669
684
707
722
690
649
668
665
684
684
648
635
618
602
591
598
638
679
686
676
650
627
607
570
558
547
541
537
541
564
606
664
669
680
666
643
639
681
699
687
665
647
619
597
589
620
680
749
748
750
718
681
672
673
697
696
704
703
700
692
673
643
615
648
672
688
710
712
707
691
693
693
678
676
646
606
593
592
610
664
697
726
735
729
721
712
718
710
700
691
671
666
648
630
634
647
638
620
632
651
666
686
672
632
605
596
595
597
602
606
621
634
650
665
665
630
608
597
586
597
631
663
677
667
648
621
593
587
600
616
643
631
632
633
627
613
614
626
645
654
642
637
613
603
604
617
638
667
678
691
679
663
663
666
666
679
677
649
625
609
607
623
630
644
643
648
627
608
611
640
696
708
713
708
692
667
640
604
580
580
588
630
663
682
674
672
675
684
698
687
663
649
622
608
617
656
666
665
665
646
629
621
635
659
668
668
647
622
604
601
614
668
676
675
669
646
632
620
644
684
663
665
660
659
657
658
653
657
623
604
594
589
621
667
688
706
691
700
683
657
634
613
591
574
573
578
573
583
601
610
624
640
659
673
651
635
608
618
635
671
675
682
683
674
667
670
687
718
707
682
676
668
655
658
662
646
635
636
644
659
727
739
741
723
695
660
633
600
592
605
655
703
757
732
717
699
683
665
651
646
637
623
643
672
689
694
683
669
657
659
677
697
695
679
664
655
670
714
707
708
725
714
716
707
688
677
664
682
657
662
660
664
659
671
645
608
606
597
599
599
619
647
665
662
639
645
646
640
635
624
638
643
644
655
645
635
632
646
658
663
675
653
632
641
639
634
652
660
670
667
672
691
714
737
735
729
711
685
659
633
626
646
674
690
707
707
714
711
707
704
687
688
687
682
688
687
679
693
709
716
712
710
686
654
625
615
635
711
717
728
736
712
681
657
613
602
615
652
675
734
759
769
749
695
682
663
644
637
614
604
610
616
613
612
614
646
714
714
709
698
679
663
637
627
640
683
729
790
767
738
723
721
704
695
686
686
676
675
674
673
677
684
680
665
654
648
659
668
680
694
690
673
660
644
648
669
683
707
691
688
691
688
697
686
671
649
642
640
646
657
660
650
635
646
661
683
731
723
706
678
661
646
640
644
660
656
656
662
690
715
706
700
690
674
669
652
635
662
652
651
633
609
609
604
610
618
651
641
670
683
692
733
724
686
673
648
641
663
678
696
696
697
700
689
698
693
688
675
652
638
625
625
639
656
671
669
678
693
696
713
708
696
679
670
663
656
677
688
682
698
701
671
651
632
654
708
759
758
753
752
720
700
672
666
655
662
673
695
688
692
688
694
687
693
689
682
666
638
604
624
672
729
746
767
751
735
715
705
691
689
689
676
669
657
650
650
671
688
716
733
719
706
686
647
642
647
677
689
700
703
704
692
680
663
649
650
688
702
711
689
651
624
614
603
588
595
597
593
594
610
629
672
682
695
698
670
654
649
661
690
696
707
709
691
690
686
713
724
742
722
713
706
684
670
654
668
666
692
711
726
734
744
730
707
685
674
689
739
751
764
758
722
717
712
699
683
662
642
648
682
719
758
754
748
724
686
662
664
658
658
668
677
656
633
610
623
677
701
717
698
691
669
648
611
594
599
598
604
619
651
648
607
609
610
618
608
585
572
567
567
572
571
593
607
624
624
652
669
685
679
675
681
684
658
645
672
649
645
642
634
624
633
617
630
632
652
641
619
606
590
603
613
613
627
628
621
583
563
566
566
567
572
566
567
594
625
626
655
645
637
621
603
571
570
570
579
592
607
614
621
628
628
646
637
639
631
620
597
589
596
611
616
628
640
639
640
632
616
625
632
647
661
659
656
642
635
623
604
599
607
632
650
675
700
694
701
716
704
697
691
688
672
663
665
669
667
672
654
651
657
647
663
678
675
662
630
680
700
676
655
633
638
641
632
646
667
709
733
730
713
673
647
596
616
646
663
663
682
679
685
674
661
634
598
581
580
604
597
600
642
671
707
736
734
726
726
719
709
706
701
703
728
740
758
762
749
751
729
726
704
709
686
674
673
690
716
719
719
693
670
646
638
641
668
674
688
672
673
674
678
701
695
689
681
681
683
671
663
641
608
607
625
652
653
680
669
677
649
648
631
613
621
624
646
661
665
639
648
641
635
645
641
634
634
639
645
647
642
649
660
670
653
642
645
651
659
656
652
656
656
661
646
659
656
651
646
642
650
639
623
623
636
651
661
667
673
663
678
683
667
665
650
626
610
613
628
642
647
632
666
664
680
686
668
660
673
653
682
655
667
669
702
701
688
678
695
685
694
681
659
643
635
661
727
773
723
703
677
650
615
607
600
619
634
652
679
699
729
745
790
749
763
754
771
760
734
727
705
689
672
659
651
630
605
590
576
565
557
551
541
542
564
603
655
727
763
787
799
779
799
812
813
804
795
767
751
754
722
702
691
682
688
746
725
732
735
715
722
695
684
658
633
607
589
573
569
570
609
642
674
745
760
782
789
802
772
763
732
727
711
705
694
708
688
683
673
663
674
708
704
687
682
669
663
660
656
649
629
632
604
600
603
637
651
667
653
656
656
641
632
601
593
591
588
595
617
663
647
652
628
620
630
618
630
668
701
706
693
673
660
634
618
620
652
657
673
683
690
681
663
646
643
628
636
633
624
630
643
645
643
653
645
641
646
613
613
620
626
613
601
614
609
627
636
604
600
619
653
687
672
665
630
627
625
626
637
656
687
668
688
698
698
646
636
638
661
685
688
694
712
710
725
718
689
684
681
666
664
706
725
737
726
704
673
614
595
588
585
587
618
617
636
634
617
611
613
603
595
585
576
574
577
594
616
635
662
685
690
707
759
826
821
810
766
746
760
746
740
726
752
733
756
768
768
749
774
796
794
786
750
729
726
736
767
810
847
791
801
807
754
730
717
733
734
719
726
750
719
692
669
657
634
646
670
677
684
696
709
699
683
647
653
644
649
662
691
679
703
679
690
643
627
629
631
637
633