714
692
679
676
676
684
682
671
649
628
615
603
608
641
682
708
730
744
745
730
709
677
659
642
646
635
646
646
657
684
701
701
695
680
672
663
649
633
618
616
636
660
733
680
679
693
723
731
731
738
737
715
706
677
676
683
714
726
738
768
810
820
816
803
746
743
717
707
709
728
776
802
785
729
703
661
649
690
733
783
779
766
721
697
689
702
724
744
772
806
842
790
742
732
745
823
819
836
783
777
755
732
714
724
722
776
819
845
772
723
717
713
734
765
771
758
755
746
766
762
730
689
660
644
694
919
930
878
844
816
777
769
771
755
767
782
796
798
803
786
758
728
719
722
726
745
774
808
821
869
883
883
889
818
883
787
750
724
695
713
740
729
688
674
661
660
678
705
733
745
763
786
813
844
817
800
791
784
791
764
771
767
798
829
826
799
789
786
776
769
750
757
771
789
817
799
809
849
807
774
754
739
766
802
770
775
753
738
706
706
689
684
706
720
753
772
786
751
752
730
730
694
704
695
701
682
660
656
658
739
892
891
855
784
754
721
723
689
695
686
679
686
686
710
666
655
653
660
699
763
801
824
837
809
771
722
679
668
668
704
724
738
771
839
815
795
799
807
816
804
805
791
771
782
787
810
809
759
753
765
796
790
791
787
793
822
812
818
831
776
755
746
727
728
719
737
757
766
757
741
713
688
673
657
698
746
825
865
907
927
851
787
771
765
799
815
806
777
768
779
806
770
722
698
688
740
829
906
946
926
900
881
801
724
679
673
720
844
923
920
920
885
854
793
725
694
687
719
858
912
958
800
751
725
723
788
906
971
961
952
907
828
734
696
701
759
962
923
936
861
741
727
713
756
877
959
988
945
876
774
729
696
729
864
938
952
914
813
739
692
696
772
850
901
894
882
781
738
699
733
823
854
876
872
824
756
722
690
717
809
863
885
894
786
739
706
720
801
871
926
927
906
796
744
715
778
864
906
900
896
804
750
726
732
786
841
881
909
807
749
721
734
798
896
888
857
775
730
711
729
863
941
933
936
903
800
756
718
722
811
855
879
870
863
791
744
718
692
732
837
915
937
932
889
843
758
726
690
698
771
864
894
899
881
837
755
723
691
695
794
816
865
849
861
808
751
717
700
726
829
882
859
865
862
820
810
734
710
687
679
723
823
906
889
892
892
841
761
725
699
744
809
891
929
881
831
764
745
720
778
846
905
911
884
836
776
736
710
693
728
791
809
830
813
750
721
702
675
714
792
902
927
904
815
773
759
767
791
842
854
784
752
733
722
745
773
824
825
783
740
718
683
675
706
770
804
814
817
819
799
775
733
712
697
696
754
854
876
937
919
909
877
813
756
736
722
765
845
912
938
901
833
784
770
778
831
854
848
784
744
723
714
731
807
837
877
882
825
753
731
710
708
764
852
916
889
859
772
738
720
723
778
825
860
869
852
816
759
735
720
723
794
842
874
887
840
780
751
750
745
775
792
757
739
736
750
798
863
870
832
807
816
844
866
859
844
782
741
725
721
735
830
879
868
822
771
766
777
800
848
868
861
820
792
785
776
818
798
782
771
772
833
889
868
824
800
809
817
841
844
813
773
764
764
796
815
759
766
751
743
755
734
711
702
685
675
663
672
675
686
715
733
742
753
741
747
730
731
721
712
698
696
684
672
675
673
695
711
709
737
747
778
797
778
743
727
722
716
733
741
723
724
710
721
703
696
669
668
652
663
691
736
766
813
814
807
753
737
720
710
716
752
760
761
722
721
708
729
720
727
723
686
688
659
656
648
654
659
645
641
669
674
668
667
705
804
897
903
880
830
754
705
699
681
663
663
661
669
694
724
703
716
746
700
790
727
701
715
697
682
670
673
654
644
640
636
634
631
613
614
611
602
596
608
656
675
715
736
743
759
786
822
784
762
719
725
738
752
747
712
700
691
695
731
767
908
904
895
850
791
778
791
768
775
810
813
778
762
747
755
809
822
854
912
896
886
808
784
752
755
771
781
779
771
768
720
693
673
688
733
770
770
837
880
887
852
799
807
798
824
846
822
760
732
720
737
752
767
812
824
828
827
845
860
826
813
735
712
705
729
760
789
816
853
863
830
825
829
852
829
821
785
810
866
875
841
860
848
791
768
800
782
788
760
775
794
821
833
852
833
784
790
794
811
801
825
834
792
784
801
789
777
750
758
739
767
776
770
758
769
785
836
785
791
778
787
782
749
737
735
759
768
772
806
822
804
823
819
862
855
820
812
837
791
766
750
720
702
708
734
784
797
850
866
830
823
806
807
791
792
776
784
806
793
794
791
779
778
782
779
770
766
779
769
765
742
715
724
745
771
805
780
750
720
703
714
705
685
670
657
652
669
693
767
807
801
748
771
812
829
830
855
772
709
703
661
693
755
797
791
805
768
739
703
675
653
644
662
673
669
674
677
672
679
666
645
635
626
619
622
629
628
645
675
691
691
747
755
733
720
721
730
718
713
735
730
719
722
735
724
734
725
729
737
731
718
726
752
764
742
747
758
756
730
736
740
754
778
812
774
772
788
805
787
816
845
813
813
812
814
773
765
792
787
757
775
789
738
693
685
674
724
797
851
833
804
797
796
784
803
813
825
835
819
849
813
757
743
722
734
786
780
771
777
844
849
831
823
789
751
753
793
750
719
736
781
783
791
854
862
849
845
800
758
753
759
814
773
768
733
777
829
799
775
769
753
773
823
775
812
843
824
804
787
759
713
724
749
759
742
755
774
792
805
817
801
753
749
735
724
741
759
739
801
866
802
784
798
816
804
783
802
822
778
743
753
739
723
734
769
765
782
852
847
786
807
829
778
788
768
765
733
764
769
747
749
764
785
812
832
839
773
793
821
829
821
818
795
772
715
725
726
742
755
802
842
780
769
754
735
760
789
771
795
825
814
855
809
772
729
718
748
769
812
846
799
815
819
824
841
842
790
784
793
793
800
834
839
844
846
758
727
715
745
800
793
784
790
787
761
829
822
787
799
765
752
729
762
807
800
799
790
755
722
727
738
742
769
784
829
815
811
797
758
739
764
751
734
770
823
771
739
731
727
732
770
783
790
807
819
787
739
734
739
723
765
779
765
771
828
846
772
781
777
773
754
739
713
717
751
827
793
805
832
829
805
828
767
739
741
736
760
823
841
796
846
848
842
811
771
723
714
747
754
780
807
822
783
800
804
773
743
762
794
797
803
814
771
783
782
752
725
755
771
758
771
759
720
712
718
729
728
766
787
765
784
768
734
695
676
675
655
662
718
772
794
841
844
817
740
710
696
688
677
649
653
630
621
613
611
606
611
609
604
605
612
639
721
759
830
875
831
905
846
741
707
698
871
938
954
905
825
728
702
696
741
758
807
813
783
778
755
703
687
673
702
733
803
822
807
809
765
723
704
774
794
810
801
835
813
804
734
716
685
699
729
800
854
885
908
854
868
860
861
850
807
875
883
844
863
851
780
754
691
704
682
733
726
706
682
688
658
654
647
633
630
641
631
630
631
628
609
609
616
622
629
644
680
713
731
748
803
760
821
800
799
736
719
712
695
701
702
690
669
675
732
790
813
792
813
854
867
854
814
762
798
813
845
797
747
727
766
766
743
704
707
734
799
847
791
738
729
779
779
792
790
774
748
723
702
680
677
686
725
843
886
864
847
872
874
843
821
790
741
711
690
699
745
809
831
877
844
823
854
842
845
847
850
834
825
813
813
839
868
870
849
882
876
796
734
712
705
811
936
923
935
922
797
735
722
774
823
875
874
880
869
739
712
672
666
697
837
914
949
952
964
910
889
863
835
809
784
730
697
684
744
876
970
963
966
944
897
891
853
792
863
848
853
783
732
705
709
805
890
879
884
875
852
836
798
779
734
711
692
728
793
854
886
911
935
889
752
703
688
704
771
885
907
897
890
876
844
751
708
674
669
700
840
887
920
906
924
900
857
824
761
706
673
662
689
844
884
908
928
918
888
862
844
777
734
722
741
785
848
831
832
790
723
688
662
691
803
911
872
885
865
858
852
850
837
834
789
770
800
864
885
889
803
749
731
749
811
882
886
889
880
856
764
718
696
744
794
889
914
895
900
854
796
728
729
774
846
857
872
858
805
803
798
808
784
745
738
761
853
908
895
880
858
802
745
709
684
695
779
824
852
857
854
828
781
728
705
720
753
806
819
856
852
850
840
810
781
726
699
692
747
830
910
905
917
892
871
856
835
817
787
742
728
735
762
805
856
851
824
783
763
781
814
865
861
814
808
811
856
861
824
780
756
747
756
732
698
725
788
808
760
735
732
743
774
834
861
873
852
790
732
701
680
702
788
875
915
938
928
890
866
762
710
693
716
835
899
901
894
847
756
724
707
729
807
849
853
849
822
777
728
702
714
778
801
844
834
829
809
808
810
804
784
789
800
810
813
807
831
821
824
794
775
771
792
835
799
754
729
716
751
793
830
864
861
837
825
813
813
789
751
721
711
709
759
825
790
743
725
737
789
890
932
957
928
889
854
817
777
729
695
680
687
760
842
878
896
881
855
790
747
726
742
783
844
822
844
818
777
756
769
809
865
856
825
803
792
787
736
711
697
694
765
872
957
917
904
848
778
750
739
761
814
840
848
824
783
752
761
781
819
856
854
851
826
796
763
766
777
822
834
837
833
827
794
786
782
783
778
740
721
729
766
858
860
875
857
859
836
815
783
759
761
771
792
819
830
809
768
722
705
707
734
840
914
920
907
809
768
765
789
816
846
807
814
831
821
769
751
760
789
847
862
868
848
796
746
714
697
725
794
888
911
900
896
893
851
813
808
794
781
771
776
795
793
814
820
805
752
718
729
749
848
940
910
827
776
774
795
844
877
857
861
840
817
799
795
745
708
688
666
698
847
948
968
951
926
901
879
833
800
755
745
776
848
896
875
870
855
851
849
802
760
724
703
696
746
889
923
919
922
909
873
838
804
783
757
721
693
695
722
785
868
863
863
854
819
803
801
817
837
853
819
802
798
810
848
867
867
841
790
745
730
737
783
851
882
896
880
848
816
791
783
756
729
721
730
762
823
878
892
906
884
817
784
800
832
863
874
832
786
722
688
674
755
898
979
971
953
927
936
887
870
844
851
832
800
771
773
789
812
830
841
833
826
816
791
766
757
773
841
891
897
840
785
744
733
748
825
867
875
869
834
790
752
718
705
730
780
867
897
869
821
758
716
707
719
832
857
881
876
860
837
803
771
757
737
721
710
709
706
695
681
665
653
655
709
845
896
916
920
922
898
858
827
814
800
771
731
717
691
667
645
637
628
639
625
627
629
620
612
612
618
607
601
592
585
589
586
595
595
600
607
627
633
652
667
683
688
695
688
701
706
733
769
770
744
710
785
791
812
819
775
718
670
648
632
622
619
611
645
666
673
661
715
708
740
731
744
765
804
778
771
792
761
753
732
765
769
771
801
784
793
789
773
733
764
779
813
817
784
782
789
802
801
800
781
775
772
758
742
706
699
675
665
693
715
720
690
681
661
669
684
672
655
650
661
652
652
642
638
627
624
609
615
597
608
604
607
605
616
622
624
611
619
608
615
650
707
726
730
770
731
694
709
713
681
690
672
683
706
732
753
791
794
787
791
788
779
793
796
788
774
763
709
696
695
713
703
691
720
741
760
786
803
788
775
731
718
687
690
699
733
765
759
747
740
729
705
690
664
665
673
690
728
767
798
787
749
696
706
684
699
709
758
771
784
811
812
740
721
690
695
698
732
764
800
747
718
719
711
754
775
714
709
711
746
783
831
860
869
859
848
815
784
728
729
692
707
784
831
878
872
875
802
794
764
818
814
823
861
814
816
767
714
673
692
709
743
736
770
799
813
811
769
748
768
770
783
745
734
729
746
764
777
789
730
713
683
670
680
697
737
813
858
862
846
839
811
809
808
788
741
738
727
717
703
679
672
661
654
680
695
747
780
859
854
820
834
840
845
816
782
725
708
711
723
733
765
799
820
799
813
847
836
823
801
734
715
698
691
688
700
715
743
780
822
788
778
793
778
779
783
796
824
800
812
812
811
790
768
777
762
766
771
791
815
808
754
756
763
762
796
773
800
831
840
777
783
766
745
697
695
654
652
635
625
640
740
739
782
816
801
861
828
793
722
690
684
688
679
695
704
729
739
753
746
741
728
711
696
700
685
707
722
754
778
781
776
745
725
689
696
671
666
665
667
692
712
727
736
734
729
717
733
728
742
725
738
699
697
693
694
718
765
784
732
726
717
721
711
697
680
689
686
708
695
671
676
674
701
714
750
765
773
763
750
745
685
689
659
657
652
685
679
669
705
729
749
771
729
713
685
674
692
705
733
751
781
816
818
801
779
745
725
717
729
725
729
772
820
863
840
823
732
709
681
663
696
701
732
751
740
723
729
729
718
721
685
670
667
661
677
709
785
779
806
839
835
788
799
793
801
784
789
750
742
735
741
768
715
709
715
729
719
1379
662
651
629
618
602
589
581
575
569