499
499
495
493
489
486
480
477
477
478
479
481
484
485
491
499
507
514
513
508
503
500
502
506
511
509
511
507
503
498
496
494
494
492
494
498
507
507
505
502
497
492
491
491
495
497
502
505
512
515
514
513
511
510
508
508
513
516
517
517
515
509
506
501
497
490
486
482
482
483
490
492
493
497
503
507
515
519
516
520
517
513
508
506
505
507
506
508
513
516
517
516
513
507
503
504
504
511
515
515
512
509
507
507
508
509
513
518
517
513
508
504
500
499
502
504
504
499
491
489
488
491
495
498
497
497
501
504
509
510
507
502
501
500
500
504
508
510
508
506
506
511
519
521
516
510
506
505
508
512
513
516
514
512
511
510
514
519
520
517
516
510
506
505
507
514
521
528
525
518
509
503
503
504
508
516
520
520
518
516
518
521
526
523
517
512
508
507
509
508
508
509
510
513
513
514
510
507
504
504
506
512
521
519
517
513
512
512
517
520
525
524
521
519
513
505
498
492
492
491
492
493
496
503
514
525
524
524
517
514
514
516
517
513
510
508
511
513
515
514
513
511
511
512
515
524
524
519
515
512
513
516
518
517
517
515
515
515
513
509
502
499
499
500
498
500
501
501
500
496
494
493
495
496
500
503
510
512
514
510
508
506
508
509
515
522
525
523
521
521
521
523
523
526
530
529
523
518
516
515
514
514
512
510
508
507
508
512
518
523
526
523
520
518
514
516
520
525
530
531
530
533
537
537
537
528
529
531
530
530
526
525
521
519
517
518
520
521
518
518
519
523
528
533
533
530
525
522
520
519
520
518
515
511
508
507
507
511
518
525
527
526
523
519
518
516
515
518
519
517
512
512
509
509
510
513
515
511
509
501
498
495
496
495
501
502
500
500
502
507
511
512
513
514
517
524
533
539
539
536
533
531
535
539
541
539
534
532
533
531
535
530
525
525
527
527
525
519
518
513
511
510
512
517
519
520
521
517
520
519
523
524
523
516
513
514
515
519
527
529
531
530
536
539
536
536
539
542
540
533
529
528
530
527
524
521
521
523
525
525
528
528
534
531
531
530
532
531
531
526
523
524
525
527
527
524
519
516
515
518
523
530
535
534
531
524
521
521
522
527
531
533
534
526
525
523
523
523
527
529
532
537
532
528
525
523
516
511
514
516
521
521
524
521
524
527
534
539
537
533
526
524
522
523
524
527
532
534
534
530
524
522
521
521
523
524
526
527
524
522
525
527
529
525
521
517
517
518
521
522
522
521
521
521
521
527
531
530
528
525
523
524
523
521
518
516
515
515
514
511
511
510
513
519
517
515
513
514
520
521
521
518
515
511
509
508
506
509
512
513
510
508
506
508
504
501
498
501
505
508
510
511
513
515
511
513
510
508
505
504
503
505
505
504
506
507
508
507
505
504
505
503
503
503
504
504
503
507
508
505
503
506
502
496
491
489
490
494
503
509
509
510
506
506
507
509
510
508
516
518
515
512
514
517
519
516
513
514
515
517
519
514
516
517
521
528
528
523
522
520
520
518
512
509
507
506
513
514
514
516
519
521
521
516
516
514
513
510
510
508
508
507
511
510
511
514
510
506
502
497
497
499
503
504
505
506
507
513
518
519
518
518
509
514
516
514
509
501
499
497
499
502
504
504
511
516
522
524
521
523
527
531
528
526
521
512
508
500
496
495
493
496
497
504
510
510
511
519
527
539
546
536
526
523
520
521
517
514
515
519
515
507
503
504
504
505
502
506
510
514
516
512
513
511
511
510
506
506
506
504
506
503
499
502
503
504
507
512
510
503
501
501
499
500
500
503
505
513
517
513
510
506
505
506
507
505
503
501
503
506
516
521
518
526
527
527
523
511
506
502
498
497
499
501
500
500
500
504
502
500
500
503
506
507
507
506
507
507
509
508
507
507
507
505
506
503
503
500
499
500
497
496
498
497
499
498
496
495
498
500
500
498
502
507
514
516
517
515
519
513
507
505
504
507
508
504
502
501
499
501
498
498
496
499
504
503
504
505
504
509
509
507
504
501
494
490
489
489
486
485
483
479
481
481
485
485
484
483
484
485
485
480
478
477
474
475
475
473
474
474
477
477
478
478
477
472
471
471
473
476
479
482
483
485
486
484
481
478
477
475
476
476
475
473
473
472
473
472
470
469
472
474
480
482
484
484
483
482
479
476
473
471
472
470
469
468
468
469
468
465
464
463
465
463
460
457
455
453
455
454
454
454
454
452
452
447
447
444
443
442
443
441
443
443
446
445
444
444
443
443
444
444
443
442
442
439
439
437
437
435
435
435
436
437
439
441
444
444
444
444
446
444
446
444
443
443
445
444
444
443
442
441
444
444
445
443
444
445
446
444
444
444
445
445
445
444
443
442
442
443
442
442
444
445
449
449
449
448
449
450
454
454
457
457
461
462
462
461
462
462
464
463
461
459
458
457
457
453
452
452
454
455
456
454
453
452
454
455
462
464
470
471
472
470
470
471
474
474
474
475
477
478
479
477
479
479
479
480
480
481
480
483
482
480
479
479
483
482
480
480
480
479
477
476
474
475
474
473
473
473
472
467
466
466
468
470
474
478
483
485
485
485
483
481
480
479
478
476
474
473
476
477
479
477
479
487
493
495
496
495
494
493
489
484
482
479
479
476
473
472
472
477
477
475
474
473
473
475
474
472
472
472
474
475
473
473
472
473
474
472
471
469
470
473
474
473
472
472
474
475
474
471
470
468
469
471
471
469
469
471
474
475
477
477
479
479
477
475
475
475
475
473
471
470
471
470
469
470
469
466
466
463
463
463
464
462
463
461
463
462
465
466
464
463
465
465
468
467
467
465
466
466
466
464
463
462
463
463
462
460
463
464
470
470
468
472
472
471
476
475
476
476
477
475
473
471
471
470
469
467
467
466
468
471
472
470
469
469
468
468
467
467
465
465
465
467
467
465
467
465
467
467
467
469
471
475
475
476
478
478
478
475
472
470
469
469
468
468
471
474
476
477
479
483
484
485
483
479
477
474
471
468
467
465
464
461
461
464
473
479
483
478
473
470
471
473
474
476
476
481
483
486
488
487
490
493
492
491
491
490
489
487
484
480
479
480
481
480
481
481
480
480
479
479
479
479
481
485
487
486
486
486
489
488
488
488
485
484
489
493
490
487
486
486
489
488
487
489
489
491
491
490
491
494
495
494
487
486
484
481
477
473
472
472
472
474
476
479
483
493
493
496
499
500
493
486
481
478
476
477
479
484
489
494
500
502
503
504
505
507
508
505
501
499
498
498
499
497
498
497
498
501
499
497
494
493
491
487
483
480
480
480
483
484
491
492
494
501
507
508
508
504
497
496
494
496
498
495
497
494
494
492
488
488
492
496
502
501
504
508
509
508
506
503
508
505
506
504
501
504
503
499
496
498
499
502
501
500
497
497
495
494
492
491
492
493
494
491
490
488
487
486
487
485
482
481
480
480
481
482
484
483
483
481
481
483
482
481
479
478
478
479
479
479
477
475
474
474
475
474
473
473
474
476
477
475
475
474
475
474
473
472
472
471
473
471
470
469
467
466
465
463
463
464
468
472
471
470
473
475
478
479
480
480
479
479
483
482
481
481
481
482
483
483
483
482
480
480
479
479
482
487
489
488
483
481
479
480
481
483
484
480
479
477
477
478
479
482
484
486
488
487
491
493
496
494
494
493
494
497
496
497
498
499
501
500
501
503
502
502
505
507
509
509
510
510
509
509
507
505
503
498
496
492
491
490
491
488
489
487
486
486
488
489
492
495
496
496
499
497
494
493
491
486
485
484
483
483
485
482
481
486
489
490
491
489
491
494
495
497
500
503
504
504
504
505
501
501
501
506
503
498
495
491
486
483
481
482
482
480
479
480
481
485
484
481
483
483
483
480
476
473
473
472
476
479
484
486
489
488
489
490
492
492
490
492
493
496
503
503
502
506
507
509
507
503
503
500
499
495
495
497
495
494
493
492
491
493
496
496
497
496
499
502
499
500
498
499
500
499
501
503
503
501
497
499
497
494
493
489
489
489
494
502
500
500
495
492
490
491
495
498
499
499
500
506
511
511
507
505
506
503
498
498
500
505
510
508
507
508
509
515
514
509
506
502
505
507
508
508
510
516
522
527
524
523
521
521
521
526
526
523
518
516
516
522
521
522
527
536
556
560
552
545
542
539
534
529
522
517
518
519
526
531
532
531
530
527
529
525
521
514
510
509
511
519
526
528
527
524
526
531
534
541
542
538
533
526
523
522
524
524
524
519
509
504
501
500
499
504
506
512
517
518
520
525
534
547
559
565
549
540
537
534
533
530
528
523
521
518
520
521
526
535
534
533
532
536
535
541
542
539
543
548
555
559
563
561
554
543
539
537
540
549
551
549
543
543
542
548
555
559
557
552
550
555
560
556
549
542
540
539
544
547
550
547
541
534
537
538
542
546
544
542
541
540
542
547
543
537
531
529
532
531
530
527
527
531
539
549
558
556
545
539
532
528
527
526
523
521
522
524
532
542
540
538
537
534
538
545
544
537
532
531
533
536
542
537
535
530
528
527
530
538
545
541
538
535
534
534
538
544
540
534
530
531
530
535
542
548
548
544
544
549
555
561
563
557
551
547
542
543
544
546
543
541
542
544
551
548
540
536
532
535
545
551
552
548
548
555
560
563
558
548
543
542
542
545
542
537
535
532
530
535
543
540
539
535
537
539
550
555
554
553
558
567
575
573
565
557
554
553
556
549
545
542
541
547
549
549
548
548
549
558
560
557
548
540
534
533
535
538
547
559
556
545
541
542
546
559
566
565
560
557
559
564
567
564
559
559
557
557
559
552
544
539
537
538
544
543
545
547
550
557
569
579
581
573
561
557
556
556
561
556
550
547
546
547
556
552
548
548
550
554
562
565
564
552
545
542
543
546
546
542
538
538
541
547
550
558
556
548
542
540
544
549
559
566
562
552
545
543
545
549
552
553
548
546
549
552
559
567
572
563
555
550
550
554
563
565
560
553
547
549
551
555
563
558
553
549
548
549
555
560
554
549
549
551
555
555
553
550
544
541
539
542
543
538
537
536
541
546
553
560
560
555
555
559
561
567
565
554
543
535
528
526
528
537
546
554
559
556
550
545
544
543
547
555
555
555
550
552
558
563
562
556
551
546
538
528
523
523
522
527
528
531
537
550
565
566
563
555
547
542
542
544
551
558
558
562
566
570
566
558
549
543
543
542
544
548
551
550
545
548
554
563
572
574
571
565
559
558
554
556
558
555
555
553
558
563
577
581
570
567
569
570
573
572
565
559
554
556
556
561
556
553
550
548
552
556
563
558
552
548
545
552
553
558
567
565
560
552
547
546
550
557
559
551
552
556
555
563
562
555
553
553
554
559
562
556
551
546
545
547
556
561
555
550
550
553
560
566
570
562
561
560
563
569
576
570
566
556
555
555
557
561
569
575
579
589
595
603
602
595
581
575
571
572
576
582
576
563
554
551
549
549
552
552
554
561
569
579
576
572
566
563
563
563
564
564
559
557
553
557
563
570
577
585
581
569
556
548
549
553
558
566
566
563
556
557
558
556
557
554
551
546
547
548
555
562
561
558
559
562
564
568
563
555
552
550
551
555
558
554
552
551
557
562
553
546
540
537
537
541
550
546
545
543
548
555
568
570
563
563
561
559
553
548
540
530
525
522
523
526
534
541
545
549
549
547
543
544
547
556
565
575
582
569
558
555
552
556
558
563
554
548
544
541
544
548
553
557
555
551
546
545
547
558
569
571
564
557
555
557
557
562
556
550
542
539
539
540
544
543
538
534
530
530
532
537
548
550
550
553
563
570
568
567
559
553
553
557
566
577
577
576
581
581
582
583
571
566
565
561
559
557
550
546
543
543
545
547
547
545
547
548
556
562
563
562
556
555
554
558
560
565
564
556
549
543
543
542
542
545
543
536
533
530
529
533
539
542
539
544
546
553
557
551
541
538
538
541
549
553
551
544
542
546
549
555
556
552
553
552
550
551
551
543
542
542
543
542
546
548
546
541
538
537
535
539
542
542
544
543
547
548
556
555
554
548
547
544
547
547
543
544
543
547
556
568
567
559
557
553
555
557
554
547
545
544
545
551
551
550
549
545
546
551
554
549
543
543
543
549
556
561
556
555
558
560
564
572
565
556
553
553
549
553
545
541
536
536
543
555
571
573
566
564
565
569
577
584
577
566
557
555
551
555
556
555
551
551
553
558
559
553
554
554
559
567
568
558
554
553
553
562
567
568
558
553
548
548
556
563
565
561
556
552
555
552
559
561
554
550
549
550
557
558
558
553
554
563
568
575
570
557
543
535
532
533
535
539
543
538
540
540
545
550
557
553
555
553
553
553
550
546
545
545
555
559
562
559
558
561
564
565
563
554
546
543
544
549
559
559
559
560
564
565
571
578
571
563
560
558
562
566
570
571
564
559
561
566
571
575
574
565
557
557
555
557
555
550
544
544
548
553
565
565
560
558
555
557
559
563
560
550
543
540
540
545
550
560
563
558
551
553
554
559
563
556
545
538
537
542
548
544
545
548
558
563
561
561
563
564
555
548
542
538
534
531
532
530
532
531
531
531
528
521
523
519
512
512
513
518
519
526
522
518
514
511
509
507
505
510
511
511
516
521
520
525
524
521
518
519
520
521
523
523
522
515
511
505
506
508
515
518
516
513
512
515
517
516
513
514
515
515
515
515
516
518
518
519
512
511
510
510
511
511
510
511
513
517
516
517
517
520
520
517
518
520
520
519
515
510
509
509
513
518
519
520
514
510
512
515
520
528
536
537
534
528
531
530
535
538
539
536
536
539
541
540
537
536
535
540
541
540
535
534
536
536
536
531
527
529
533
533
530
531
528
535
535
535
533
533
537
544
543
541
537
534
535
533
533
533
534
534
530
533
530
534
533
534
530
529
531
531
528
521
521
519
522
524
523
526
530
535
532
531
531
534
536
536
536
535
537
540
541
537
535
538
538
541
538
541
544
550
548
542
540
537
537
535
534
532
535
539
535
534
531
527
526
526
526
529
530
527
530
532
540
550
549
551
550
551
547
543
542
539
535
535
529
528
525
525
523
518
513
512
513
518
528
533
532
521
515
512
509
512
516
521
523
535
536
538
543
542
543
536
537
537
540
542
542
538
534
534
531
533
532
526
522
521
524
534
540
543
553
562
572
568
560
563
566
565
557
547
543
541
540
538
534
532
540
543
542
542
545
546
549
546
542
536
538
537
535
534
535
539
542
540
539
539
542
544
539
537
538
535
534
531
531
536
536
538
536
533
532
531
529
526
528
529
533
537
537
542
545
554
553
547
544
542
538
534
530
528
529
529
526
524
525
524
528
529
528
529
534
532
527
524
524
525
531
532
531
535
540
544
542
548
544
537
535
534
536
537
537
534
535
536
540
536
524
515
507
502
507
511
512
513
508
506
510
519
529
533
532
536
540
537
539
536
533
527
521
517
512
509
508
505
497
491
487
488
493
510
537
594
640
648
644
630
595
568
555
544
539
539
541
547
546
552
556
554
546
541
538
535
531
529
530
531
534
536
537
541
543
548
542
538
535
533
533
536
539
540
540
539
540
540
539
541
545
544
540
537
532
530
526
530
533
532
530
532
532
532
534
534
533
531
525
524
524
523
520
517
520
526
527
525
521
524
531
527
523
520
520
517
508
499
495
494
498
511
515
518
512
501
497
498
500
500
505
509
522
529
532
537
536
537
541
539
533
533
535
531
523
521
516
510
506
503
501
497
490
489
485
478
476
474
474
470
476
479
490
495
502
512
518
526
534
541
548
549
540
541