833
789
818
792
750
807
810
797
858
865
850
875
892
885
896
907
895
894
864
847
841
805
794
804
791
783
767
723
771
781
826
922
902
779
783
768
788
1009
925
892
920
896
829
840
818
792
865
906
898
947
935
885
906
842
818
770
798
719
735
741
703
776
880
956
874
895
886
894
883
878
868
887
885
883
885
867
915
891
846
871
825
866
887
873
903
917
880
912
854
836
842
818
845
862
876
873
856
813
798
869
880
885
881
882
865
867
848
847
840
842
867
882
892
883
878
876
872
835
834
787
744
697
734
973
938
955
937
923
879
918
920
902
918
912
806
800
825
896
921
915
922
904
886
895
955
990
989
977
979
927
858
901
901
947
974
976
952
929
889
898
911
918
926
926
925
941
973
963
950
902
869
891
901
872
854
898
940
949
955
911
908
929
930
898
827
842
887
928
950
953
956
958
939
968
991
1001
973
974
989
1008
1009
1006
982
973
904
909
926
906
916
957
936
902
891
924
905
875
922
949
960
933
972
960
898
930
956
914
921
932
914
911
943
896
890
894
895
875
924
963
959
890
913
886
866
847
819
836
837
814
784
834
840
857
851
843
809
814
829
834
833
831
819
797
812
832
857
847
891
892
896
897
915
896
861
885
846
818
802
782
808
818
807
850
880
865
813
805
782
772
799
833
844
835
945
866
867
844
846
825
785
738
745
712
873
971
927
928
890
888
895
874
865
854
832
820
817
806
779
832
876
887
884
848
875
892
881
896
863
853
817
835
838
843
863
883
898
875
845
847
880
879
889
882
847
871
865
844
902
869
862
879
863
808
848
837
843
854
896
905
891
805
832
831
830
809
811
808
799
792
780
778
759
746
729
716
721
766
967
904
924
923
891
875
879
882
894
865
840
816
829
826
824
818
794
765
852
887
896
888
865
816
848
827
816
825
865
876
843
882
905
906
916
912
869
906
941
951
959
950
938
937
914
863
827
856
881
906
911
891
898
916
912
908
896
921
937
936
900
870
885
892
894
934
934
930
853
771
785
799
845
893
919
934
943
940
930
916
928
960
963
936
904
883
911
924
920
906
937
914
866
857
900
873
857
810
855
846
822
794
758
749
760
747
773
792
794
814
890
845
826
848
827
751
710
693
699
725
758
776
796
717
772
767
814
802
808
802
771
733
704
821
894
951
880
873
812
827
823
802
760
745
691
761
841
817
892
898
819
817
819
832
866
896
845
841
801
801
775
785
805
863
827
793
769
726
729
723
702
797
903
902
851
785
809
849
939
866
904
869
936
964
963
944
906
917
929
940
945
922
916
907
852
832
878
912
939
903
935
944
926
860
853
862
863
833
851
870
837
847
876
911
905
925
889
847
844
834
830
817
863
864
818
844
858
856
848
826
839
840
849
831
838
847
795
773
794
783
801
779
840
836
780
791
772
758
728
761
783
737
697
722
711
706
696
726
727
712
685
698
698
692
647
642
633
622
601
593
594
592
597
589
596
603
607
603
594
588
600
608
610
610
602
604
604
597
582
582
587
579
572
559
559
561
566
580
587
592
613
629
652
654
638
646
656
671
676
663
688
693
699
666
661
680
673
651
675
677
686
684
699
772
795
739
796
780
767
747
804
803
768
812
866
795
772
759
749
734
765
777
775
750
780
818
813
795
805
757
764
763
729
736
850
888
779
797
782
759
747
833
788
763
779
836
872
823
855
853
805
860
779
744
745
773
919
809
835
842
784
857
904
813
784
791
762
724
741
818
862
899
843
796
793
736
828
828
820
824
846
843
847
890
911
861
897
904
880
904
876
860
815
857
856
850
819
856
839
798
814
838
829
835
864
851
830
858
839
777
716
662
679
743
872
930
906
891
924
901
858
840
830
818
839
872
862
830
864
889
887
838
834
833
799
778
824
874
846
876
889
865
844
845
819
822
812
818
849
848
849
863
840
814
829
812
760
781
737
782
750
814
851
860
781
809
802
757
728
752
737
729
764
788
818
782
821
814
770
750
747
734
695
735
777
803
798
844
858
807
780
784
762
744
796
824
790
769
788
846
752
734
751
751
738
800
818
816
869
946
915
834
843
841
824
820
830
829
802
835
850
852
840
854
833
809
842
813
734
734
774
859
865
886
860
782
815
758
725
729
765
780
841
895
889
833
864
828
781
768
794
799
759
777
823
814
782
796
817
776
787
776
754
736
758
763
735
728
726
716
688
723
735
742
717
726
708
683
680
704
702
692
665
673
661
642
660
675
673
654
679
674
693
666
699
689
665
667
692
677
656
694
703
724
725
719
728
726
692
696
706
712
702
764
817
786
767
774
795
748
726
727
733
717
786
771
756
782
787
769
771
788
778
740
764
770
744
742
752
713
736
902
900
817
761
727
717
673
708
749
775
779
723
764
727
684
728
734
781
780
770
738
692
669
690
724
759
789
742
759
764
762
757
712
891
923
896
903
911
900
899
909
926
918
908
883
884
876
867
875
880
893
887
878
887
876
892
897
890
912
891
816
853
881
865
868
844
877
896
883
861
892
889
871
841
888
896
888
848
814
823
972
939
948
961
947
942
931
942
913
911
911
905
903
911
920
912
899
874
917
913
894
909
944
966
950
929
979
971
980
936
890
917
931
932
956
969
900
914
931
911
911
912
910
900
905
910
909
909
916
919
913
914
921
917
874
882
898
893
875
919
928
900
893
928
929
896
873
915
905
886
851
813
856
896
929
887
908
913
856
801
787
810
835
822
889
950
974
978
958
942
943
902
938
1053
1038
1022
1012
1010
1015
1015
967
959
970
1039
1008
1024
1018
1023
1018
990
932
894
874
891
922
980
949
920
952
948
935
923
880
863
888
919
945
922
850
881
887
919
906
868
866
871
794
764
800
840
856
872
924
936
936
872
841
844
848
821
789
824
875
875
871
863
895
917
915
880
872
886
893
906
927
990
965
990
938
932
939
924
901
907
936
935
899
863
893
923
924
923
911
909
944
963
935
901
917
939
952
941
949
935
942
936
962
995
946
922
961
957
949
939
948
955
912
913
940
949
905
929
936
910
882
922
944
951
900
929
950
981
930
952
944
942
915
891
940
963
857
810
854
869
857
889
927
938
929
887
908
919
918
910
853
846
898
976
950
953
956
930
906
877
896
908
901
885
891
918
914
896
887
913
887
876
853
852
850
854
874
938
950
938
936
940
943
919
894
908
894
893
856
879
896
891
864
897
940
943
906
935
972
944
889
905
902
900
922
928
983
1015
963
961
921
898
915
919
929
914
821
801
933
974
989
964
950
909
926
948
962
942
938
918
916
939
949
934
833
796
819
840
848
896
949
980
970
941
953
962
963
950
910
896
904
907
911
917
893
917
925
932
885
921
927
939
877
914
915
900
910
956
957
920
891
937
937
922
895
909
902
882
901
924
927
883
883
905
907
872
844
873
890
940
872
908
923
940
937
888
855
889
885
892
901
894
878
901
937
926
912
881
880
900
912
908
872
877
904
911
889
861
885
893
884
848
879
904
905
874
869
871
868
829
849
870
881
874
928
917
900
875
886
867
835
816
836
830
827
818
846
863
872
838
869
898
877
837
854
874
863
830
854
866
868
842
864
905
946
905
934
944
948
930
945
959
907
896
919
933
918
918
951
968
950
891
903
926
938
932
891
917
860
786
818
857
874
898
953
956
901
872
900
911
900
887
923
922
935
897
868
894
919
927
922
892
929
939
921
889
918
914
912
891
918
923
901
899
919
897
875
913
917
898
888
911
903
879
861
888
909
927
905
933
935
919
892
914
905
880
854
869
898
878
894
910
910
907
835
867
886
895
880
870
842
850
870
869
866
847
874
885
882
842
851
856
846
824
834
848
851
848
863
899
901
887
858
887
902
909
876
904
884
872
858
882
954
934
881
922
937
939
924
897
938
956
938
880
893
911
915
900
830
819
907
968
974
962
961
914
905
905
903
878
910
919
925
908
915
937
940
937
903
897
893
891
876
912
936
910
912
934
917
862
905
906
867
860
864
855
811
837
865
857
791
793
813
789
771
848
866
831
795
753
747
727
810
819
845
861
831
839
823
822
745
733
725
713
700
715
797
821
844
837
831
814
786
735
760
786
794
895
867
847
826
798
795
791
815
789
806
802
800
760
787
808
816
802
813
741
716
737
791
777
771
765
759
751
719
758
724
712
689
665
691
694
703
732
738
724
723
761
805
840
838
836
792
763
786
815
813
767
807
801
864
917
883
876
858
801
770
757
738
747
986
911
901
911
897
923
875
771
730
744
753
782
894
880
856
767
729
694
673
662
675
859
892
919
895
876
896
863
834
828
837
840
822
752
777
774
760
789
773
756
694
702
680
663
664
664
647
646
630
621
604
587
575
565
554
979
1043
435
738
3756
914
5416