740
755
806
753
809
883
889
780
679
703
753
904
912
805
738
734
800
828
777
748
754
785
797
737
717
748
923
927
889
817
809
822
836
803
729
759
944
993
950
887
859
858
849
790
713
673
689
752
1072
973
887
791
780
837
853
886
816
741
757
786
880
882
828
841
854
820
750
698
708
785
896
917
842
743
696
725
802
930
896
799
766
699
624
627
678
715
696
673
725
856
961
921
831
707
658
653
671
780
829
827
756
698
710
739
875
863
814
729
647
618
618
659
918
890
855
888
833
760
729
765
794
816
784
724
671
632
638
681
826
896
846
708
656
642
624
665
758
914
877
835
768
679
665
674
754
840
847
827
732
704
726
763
807
791
756
713
761
769
830
799
729
674
669
678
760
864
848
787
721
722
745
841
827
778
720
699
702
719
786
784
725
689
729
831
861
838
792
697
658
677
703
761
752
755
688
648
655
690
800
853
847
790
721
664
679
705
793
827
801
763
696
676
692
796
878
852
793
724
667
670
692
740
844
749
781
821
854
867
828
686
660
645
628
647
693
777
781
721
663
645
672
829
932
912
867
791
704
666
673
718
869
893
874
837
742
684
697
747
856
853
858
817
724
653
640
642
678
778
794
786
662
661
706
701
672
695
742
840
827
819
745
664
665
680
754
816
832
815
746
680
724
789
858
846
826
775
710
658
666
708
796
815
830
821
764
687
681
685
778
860
833
789
743
772
788
815
808
739
683
702
721
784
796
759
662
623
616
601
590
605
659
762
762
770
722
672
635
627
631
668
698
734
708
681
709
847
866
850
792
703
675
679
706
758
774
741
691
653
673
713
820
803
784
712
670
684
692
729
747
736
689
643
646
646
693
715
739
731
693
681
708
753
762
741
722
637
608
600
587
580
601
649
768
789
784
766
709
659
632
622
639
702
766
717
674
683
714
721
719
688
698
716
748
725
689
672
661
643
641
639
617
618
613
634
648
640
620
620
639
646
667
664
645
589
578
600
613
632
638
639
639
630
602
604
653
794
859
859
839
792
761
710
643
618
608
642
672
721
733
682
634
648
681
750
771
780
723
615
1206
646
657
613
608
661
720
753
750
724
674
649
631
622
616
611
622
651
678
701
714
723
719
707
701
691
710
690
697
696
695
715
702
693
720
784
791
765
738
722
691
662
637
621
614
648
694
703
761
858
896
888
864
782
673
663
655
670
700
716
764
778
853
845
799
824
835
843
720
708
709
719
747
761
778
800
825
844
821
801
718
707
694
699
732
769
791
840
799
741
774
816
864
810
760
740
796
835
842
868
822
792
773
727
699
669
706
740
763
791
798
744
770
793
860
872
826
740
735
738
772
788
750
658
679
760
750
755
759
780
759
724
744
739
733
693
688
693
783
828
828
791
795
805
748
731
713
733
771
772
808
821
809
774
805
831
828
780
784
742
727
698
791
838
832
774
700
687
691
732
739
729
750
762
820
782
743
702
707
723
729
724
704
740
752
775
742
771
789
796
767
704
677
659
666
677
721
647
641
681
754
896
875
819
781
762
749
715
722
729
736
751
771
803
800
784
789
681
628
603
605
666
679
779
839
803
807
752
692
654
646
645
654
653
661
676
709
701
700
758
829
827
807
758
782
780
760
720
759
742
721
686
683
700
747
762
725
663
658
680
749
751
738
666
659
677
717
748
738
670
620
604
616
659
699
680
646
660
675
717
711
685
661
630
619
630
656
652
629
635
650
680
710
712
666
634
626
653
683
700
690
644
617
624
655
695
690
661
668
675
689
687
638
648
664
712
728
717
682
630
601
578
583
615
697
771
762
792
760
702
664
682
698
689
689
675
634
607
613
631
681
741
763
813
768
724
712
708
718
692
699
686
701
726
704
660
675
685
764
766
750
683
726
749
773
745
743
711
688
692
711
747
774
727
715
717
768
772
773
742
697
698
701
780
771
688
635
653
656
682
706
813
802
739
672
649
647
700
740
782
759
697
637
636
678
775
780
759
711
651
613
617
633
702
706
690
654
665
701
737
753
749
717
650
615
617
644
679
695
715
728
736
726
723
706
685
641
638
641
660
698
857
867
822
830
802
723
723
726
722
757
765
672
761
828
877
879
865
819
779
740
712
693
676
696
742
826
819
836
828
770
682
658
637
609
621
654
738
764
818
869
891
829
844
831
835
829
801
823
854
846
846
873
871
840
821
804
824
805
744
787
816
813
763
834
894
864
806
815
808
803
783
708
697
736
764
821
845
853
754
703
700
726
774
813
803
734
769
796
798
797
776
755
713
687
724
758
837
856
846
783
688
683
701
745
806
823
801
757
757
737
743
721
674
645
664
688
798
821
822
773
735
744
774
824
813
779
713
655
675
701
736
774
783
728
751
774
765
746
686
672
686
719
731
768
783
778
793
804
778
729
728
760
799
813
802
823
820
825
803
779
768
763
734
781
799
846
825
767
792
819
803
744
768
796
793
736
725
747
757
770
755
760
744
712
658
688
706
728
757
794
782
766
770
762
703
702
729
777
788
712
745
793
800
791
732
751
753
723
675
697
708
764
795
749
684
731
755
821
771
765
771
768
731
664
673
674
735
803
776
749
781
813
854
798
724
742
764
771
746
713
756
761
751
699
729
758
763
770
717
745
763
772
740
681
688
675
689
671
722
735
769
772
760
723
662
700
705
721
705
747
763
791
749
715
727
763
779
800
786
746
679
649
649
691
706
694
627
640
647
631
659
728
779
795
769
730
664
624
603
588
566
572
588
646
712
807
762
813
924
930
907
873
832
763
695
644
651
671
693
704
694
669
682
714
744
722
741
733
670
681
688
728
756
762
760
701
691
689
720
730
727
754
743
757
781
797
813
800
814
809
772
750
731
700
690
675
632
618
674
795
899
933
888
870
821
771
743
715
724
736
804
838
856
840
825
817
740
719
756
834
848
816
750
735
763
835
925
844
808
817
816
890
860
877
892
875
802
793
781
775
777
818
860
906
865
834
891
854
792
722
740
760
765
775
830
817
822
785
818
805
792
759
741
802
942
919
835
826
825
824
796
813
802
816
797
779
761
666
644
681
675
689
856
995
936
879
778
742
741
788
838
777
741
796
921
945
908
812
812
797
813
744
663
714
934
919
887
813
841
873
885
839
768
775
796
827
838
822
846
904
928
875
836
849
829
796
836
881
896
848
796
861
931
912
857
804
813
835
804
751
784
840
924
893
875
856
839
769
660
654
730
882
999
954
870
850
864
837
792
748
770
819
848
847
938
997
954
865
796
823
840
837
825
776
821
900
925
861
792
823
887
916
883
808
838
881
891
851
793
843
878
893
803
815
823
837
803
737
767
837
873
864
836
771
728
743
797
970
924
850
867
878
895
885
844
862
896
846
794
773
828
910
925
757
704
771
902
985
956
865
776
799
817
892
917
883
897
956
928
895
889
900
887
827
829
843
889
905
835
860
892
904
842
811
851
874
881
823
761
669
727
800
826
785
851
879
880
833
772
766
772
812
849
849
899
996
974
894
899
908
896
893
875
830
793
845
894
914
859
835
865
877
862
814
799
842
911
929
860
872
908
906
845
786
842
923
932
829
700
723
813
946
947
874
808
803
794
814
792
841
919
950
925
828
839
853
894
870
840
827
853
875
839
777
817
873
900
847
829
837
835
816
747
737
774
888
926
870
784
846
884
892
838
777
790
817
849
797
755
818
934
950
907
825
859
887
869
816
832
869
900
876
854
887
907
887
819
769
775
816
877
892
832
825
878
927
903
816
795
794
846
839
843
891
896
863
829
854
858
856
735
668
667
708
774
908
863
786
758
779
806
841
831
786
761
798
866
889
849
885
888
880
813
749
759
817
863
838
854
905
905
864
816
819
843
828
805
742
757
835
1029
961
863
826
828
838
813
746
761
785
845
837
787
733
723
733
772
774
739
764
786
856
848
795
779
791
807
763
753
781
851
885
836
824
836
858
810
762
782
777
829
816
773
751
804
864
914
872
831
812
832
857
849
812
812
862
888
878
820
826
822
836
799
752
794
860
939
881
840
858
893
890
829
760
759
784
851
839
768
712
744
835
928
856
747
683
684
734
709
705
755
837
876
866
811
788
813
827
836
797
799
856
880
852
792
794
829
864
843
770
782
805
826
813
769
772
803
857
808
764
808
841
850
857
809
742
769
795
850
851
804
785
832
885
874
811
763
761
788
844
855
812
823
944
987
936
853
851
846
822
783
789
877
972
977
922
922
922
889
815
816
860
894
882
822
865
914
911
879
802
822
855
893
854
806
802
794
807
771
816
884
923
839
801
832
889
854
799
797
842
879
856
799
809
828
882
848
777
748
792
822
822
765
754
774
844
865
795
827
841
845
813
759
761
782
867
846
797
817
813
806
753
744
763
780
758
725
773
787
837
785
738
751
748
759
730
701
729
765
775
673
625
630
660
722
745
729
675
665
679
742
769
746
688
682
689
705
763
749
702
673
717
779
881
835
735
649
623
622
669
760
901
965
967
947
896
839
751
705
706
722
772
843
856
841
849
836
841
805
771
759
667
652
679
724
735
811
838
860
826
781
789
791
809
792
741
745
778
878
917
870
841
837
830
800
765
799
861
914
861
859
890
880
911
862
834
811
770
740
738
832
992
994
957
976
955
885
876
860
809
762
796
895
991
913
903
916
905
828
820
825
854
858
813
847
869
856
824
835
809
808
815
795
729
740
731
713
705
650
631
642
646
663
623
629
641
691
743
685
648
656
671
696
674
679
639
633
645
665
707
757
766
756
745
727
710
706
683
666
630
601
608
646
973
802
698
677
840
959
971
937
902
733
720
796
760
822
844
796
759
727
717
721
748
763
777
779
838
894
884
788
682
660
705
732
808
824
799
826
810
796
751
758
687
646
680
719
755
799
849
780
797
795
808
773
754
733
762
756
764
802
829
835
859
865
849
810
777
708
729
751
838
819
854
862
820
753
742
692
643
646
672
677
757
879
913
821
834
804
790
735
685
709
760
1009
968
882
791
813
858
848
836
765
778
796
797
778
817
836
843
708
724
808
749
785
797
837
815
758
773
776
770
771
724
776
869
953
892
842
831
841
790
756
761
770
823
834
836
876
896
905
841
801
797
794
754
768
796
852
868
792
857
893
880
832
851
830
812
792
781
792
775
834
912
925
855
842
816
691
687
732
693
729
755
830
848
790
773
777
800
780
779
786
769
744
780
807
794
802
748
712
744
791
836
768
768
751
760
771
778
763
828
872
850
855
834
814
751
769
795
854
800
818
813
826
793
739
793
885
912
852
841
825
803
765
766
750
772
809
776
866
931
899
889
882
839
783
800
816
808
813
781
809
785
815
835
845
786
804
807
829
791
762
813
950
948
856
829
806
790
749
769
813
854
912
820
777
718
675
740
803
779
801
805
808
776
748
747
757
754
746
823
982
900
768
738
787
801
756
732
732
758
709
633
640
641
699
764
822
860
907
888
878
839
706
673
697
717
681
700
719
780
809
798
795
759
721
720
746
761
788
806
809
787
696
673
718
761
794
767
708
748
740
807
856
829
884
874
831
824
827
796
733
696
700
791
881
878
852
822
800
759
712
671
676
691
711
724
707
690
695
769
947
938
873
823
809
724
711
722
786
843
729
1029
969
1023
1042
997
946
905
851
817
864
883
828
846
869
819
701
714
778
771
769
811
847
849
797
738
756
775
813
787
849
863
906
883
795
824
849
844
758
721
723
767
808
805
807
795
766
711
720
736
763
797
846
868
773
715
745
806
873
862
894
871
805
813
768
766
776
718
725
1086
959
848
671
698
807
937
977
948
926
878
855
839
807
786
759
730
793
871
907
913
893
875
768
688
696
773
784
767
816
801
831
838
728
735
711
726
751
745
822
1023
982
928
901
858
861
892
850
779
687
699
768
918
927
870
888
887
819
813
805
708
671
709
778
871
979
938
778
774
730
780
817
827
779
771
712
682
704
864
893
818
756
792