674
715
717
673
651
660
691
674
668
629
653
675
679
662
642
638
700
697
687
664
656
703
686
654
620
606
617
656
699
706
673
693
716
734
679
679
710
758
731
684
718
702
717
689
647
631
711
791
764
724
725
723
736
718
663
676
648
676
654
653
646
694
745
737
718
963
921
822
745
685
727
739
760
736
706
691
651
637
680
884
882
778
734
708
718
790
755
704
678
681
714
763
778
733
706
717
790
764
700
641
643
688
700
687
726
762
789
756
820
926
858
771
708
766
837
818
759
854
867
880
771
771
839
769
769
791
926
931
851
797
760
829
818
779
781
776
885
894
800
754
690
656
662
799
974
928
794
729
754
741
756
796
787
736
752
790
816
776
737
767
750
766
784
740
714
685
755
883
943
816
736
714
672
671
739
806
981
894
777
781
795
870
837
800
724
688
658
651
739
954
885
845
742
734
734
758
789
728
687
698
727
729
705
675
682
742
790
738
696
698
687
705
707
700
676
711
713
759
726
688
653
684
723
702
685
656
664
681
671
649
635
608
595
579
563
563
627
841
793
766
788
834
867
771
714
697
843
942
901
827
912
937
914
798
765
811
833
963
852
863
889
884
864
775
826
854
933
793
767
787
875
876
842
810
852
957
869
797
831
810
872
765
781
800
870
882
800
760
782
839
830
762
751
788
828
831
772
776
798
827
795
744
775
915
825
758
806
859
780
740
755
775
813
740
736
785
778
749
729
761
786
741
772
803
783
761
737
750
752
729
749
787
803
738
719
673
641
630
661
691
677
632
613
651
683
712
733
768
688
760
837
769
792
717
687
680
716
786
870
820
769
771
796
766
827
767
758
870
905
836
768
746
790
790
818
771
724
771
1019
976
865
787
813
823
807
743
706
677
658
703
873
988
902
826
843
855
844
769
739
725
754
833
880
812
720
692
640
667
759
742
700
748
812
763
752
681
662
670
663
678
665
691
707
718
693
683
652
685
703
695
690
709
684
679
677
674
658
632
657
721
696
716
758
693
674
665
615
635
684
664
646
692
738
779
720
685
660
667
662
646
619
605
616
652
682
675
678
687
672
647
675
714
746
710
724
717
727
687
655
655
658
652
645
634
615
657
681
713
701
704
819
740
682
688
707
738
767
763
754
715
710
705
705
677
655
693
973
917
840
849
836
783
776
715
703
788
829
744
699
712
715
759
731
707
804
897
828
776
794
787
744
726
713
729
740
738
720
695
706
710
688
702
629
646
672
681
659
656
676
693
702
653
625
616
647
645
658
662
625
634
643
640
623
604
588
599
623
657
650
620
624
636
647
621
623
636
637
642
683
677
645
643
628
646
647
631
652
671
674
660
659
722
743
791
753
734
679
660
692
718
675
678
694
715
720
724
678
658
626
606
631
714
767
722
782
907
902
797
758
754
821
752
721
759
748
699
677
663
714
806
825
843
876
768
711
660
655
642
654
644
647
655
667
640
629
622
645
658
639
669
650
647
626
606
606
604
617
635
615
605
613
611
604
592
590
579
568
560
559
543
532
527
539
545
548
542
566
574
605
604
584
560
554
559
563
559
560
566
560
562
542
536
567
574
582
560
545
542
547
563
564
564
560
573
586
576
604
636
616
612
628
656
630
595
566
540
541
550
549
522
527
550
571
571
542
533
547
567
589
574
582
580
568
558
554
567
566
564
563
568
590
591
597
592
598
593
550
546
588
570
556
574
594
593
594
561
572
596
597
565
544
541
569
592
583
565
601
625
617
580
562
537
519
511
529
571
577
582
573
580
596
605
585
575
560
571
582
602
593
582
583
586
604
581
576
602
633
646
611
584
585
637
643
603
620
630
566
539
524
531
570
586
608
584
588
590
591
612
614
630
620
624
630
629
600
621
619
594
583
586
638
674
689
662
663
688
769
726
682
673
668
696
696
713
728
747
758
728
698
677
673
667
703
657
650
688
766
738
728
703
687
685
665
657
674
698
734
719
688
644
617
604
634
627
677
645
612
660
665
699
693
670
655
605
608
616
659
683
681
650
602
571
591
680
720
734
662
636
634
652
623
625
630
638
605
604
638
647
643
636
614
676
651
635
594
585
617
660
684
678
621
620
680
699
723
659
628
597
572
598
626
631
627
619
647
668
685
666
646
652
654
639
612
649
630
612
641
626
669
656
657
597
589
586
620
636
675
642
624
636
663
690
651
608
597
590
611
589
604
611
636
648
659
621
613
621
605
607
590
590
627
646
636
602
604
613
620
639
621
590
585
597
592
587
585
582
574
548
551
582
623
614
611
583
611
609
589
572
563
539
567
590
618
630
600
611
633
641
665
665
611
600
592
639
607
593
596
577
579
586
597
605
587
592
627
646
641
586
570
542
521
511
512
563
586
602
610
621
606
629
641
638
623
626
624
612
601
578
559
548
570
585
605
624
646
641
646
659
676
666
672
668
684
698
723
692
681
646
656
691
765
728
671
762
741
772
698
689
688
698
729
754
727
690
674
647
643
646
659
660
645
643
670
696
730
702
661
687
668
658
646
685
672
679
733
694
656
645
651
687
670
686
697
664
632
638
638
641
629
633
646
647
642
628
597
612
654
666
661
642
624
644
631
609
563
558
588
631
637
670
695
716
697
654
675
692
687
653
651
654
661
675
701
678
668
688
706
674
671
685
697
687
662
660
666
686
682
642
636
667
707
785
736
761
797
790
762
722
686
701
755
798
804
732
700
757
783
780
716
735
776
734
722
776
825
838
800
763
705
699
723
727
726
691
688
664
691
670
635
678
763
817
795
877
884
853
800
791
771
754
752
750
732
709
740
781
789
764
801
809
849
792
759
721
711
686
688
699
762
771
802
756
789
813
796
775
732
693
681
711
712
733
702
697
685
705
693
690
706
731
751
717
676
676
726
792
753
771
801
830
863
867
807
812
801
723
664
659
724
722
712
735
761
770
721
719
733
734
690
665
697
777
787
774
746
766
749
724
671
647
671
715
778
706
666
633
675
668
654
628
632
619
652
703
713
682
674
691
725
731
714
680
674
718
713
660
621
610
647
680
705
692
678
672
695
704
735
686
652
620
654
793
817
733
692
675
681
701
700
700
762
943
899
792
714
716
706
713
718
728
762
785
720
711
728
739
725
707
676
717
742
711
721
689
684
685
683
640
641
675
697
700
666
684
699
700
729
730
723
712
736
700
646
622
600
630
735
830
772
746
760
774
779
716
690
698
687
716
683
656
679
701
739
744
717
716
704
679
656
623
596
606
658
679
721
680
682
709
720
724
715
677
630
626
671
671
672
655
688
715
740
687
682
686
687
690
657
674
692
721
683
670
667
684
704
679
668
691
760
772
689
667
692
729
722
684
648
613
604
643
702
751
758
734
712
686
676
671
691
687
713
688
693
714
713
710
681
682
698
682
695
662
657
709
768
739
705
673
702
689
699
671
680
733
800
788
721
663
667
649
632
616
596
598
602
609
604
588
581
597
623
642
625
636
665
677
681
669
633
637
637
657
663
661
656
697
743
768
733
747
765
862
813
739
740
778
801
842
762
739
810
863
852
778
802
869
848
813
757
770
1023
936
898
851
886
828
847
772
802
980
921
841
775
761
795
830
754
795
836
799
760
762
739
785
767
730
743
834
912
820
764
779
778
773
714
710
715
771
766
721
670
666
688
736
726
676
681
693
707
699
690
640
607
606
640
701
713
690
685
702
737
793
803
751
693
671
691
718
743
719
685
715
731
795
856
831
825
862
899
857
783
815
839
938
894
967
962
889
833
759
819
965
889
827
914
914
884
817
771
814
813
917
878
845
899
917
890
821
780
805
632
1097
831
837
862
828
759
761
852
883
901
817
762
765
814
778
733
782
798
831
805
762
816
822
808
730
681
711
747
796
742
717
742
755
754
733
731
779
829
840
779
738
764
794
798
762
784
781
773
727
716
750
807
834
787
803
833
853
754
729
671
634
688
718
665
635
768
833
811
792
791
813
754
729
760
835
875
810
758
814
909
841
756
702
701
737
868
920
838
837
915
914
842
770
772
804
923
878
772
738
707
687
663
685
942
1082
956
938
934
841
811
815
801
834
839
822
847
874
854
790
856
854
797
780
762
854
913
824
820
867
876
877
816
785
834
841
837
764
737
762
778
801
777
807
915
984
856
827
872
832
739
714
720
755
821
807
775
851
901
892
801
771
817
863
773
743
773
779
800
780
788
814
910
913
812
738
753
806
873
829
789
860
927
873
804
806
829
848
787
823
864
887
905
811
834
837
848
783
738
731
787
902
823
766
771
825
815
763
756
830
814
848
770
787
857
971
874
796
780
800
818
847
791
801
856
938
864
764
731
739
787
916
870
773
804
892
875
859
774
750
767
793
823
819
765
820
892
861
784
758
812
818
979
965
941
925
811
789
853
1009
888
839
853
909
885
821
876
939
921
862
867
899
905
812
794
785
793
726
671
659
746
772
872
976
896
824
763
802
922
868
820
785
748
853
1078
960
910
896
932
940
945
839
796
815
897
854
802
748
768
860
869
813
761
784
851
879
807
800
795
794
840
763
766
807
802
777
776
869
868
789
751
763
820
839
783
827
884
904
809
740
765
771
808
808
776
826
833
837
780
780
715
739
871
900
842
813
890
922
845
772
773
818
957
960
873
825
864
991
915
814
780
807
900
923
852
839
990
1006
873
771
701
678
690
1130
1058
1035
930
894
899
928
950
915
916
867
825
850
815
839
771
776
840
932
798
726
730
869
923
914
834
812
821
720
710
748
796
896
800
732
787
843
878
845
799
776
703
652
628
634
671
709
733
715
688
678
701
728
783
775
775
734
664
624
611
620
654
704
759
764
723
698
669
653
677
729
798
800
780
766
706
644
617
659
693
737
723
671
683
689
715
677
665
680
731
771
758
739
791
801
760
707
714
701
668
646
671
690
704
670
658
710
771
799
744
723
727
747
737
708
702
699
689
688
722
747
743
707
671
687
725
716
693
706
723
755
703
685
723
757
765
730
725
726
763
753
740
732
745
688
684
712
709
747
701
692
712
698
671
684
717
747
726
677
673
711
739
719
700
669
666
701
739
760
751
739
690
700
683
698
714
694
686
756
820
843
745
703
728
744
723
702
720
775
771
763
730
688
659
616
593
610
702
762
782
784
815
840
829
772
741
764
824
831
769
811
806
834
815
783
753
767
816
789
762
752
788
839
788
753
742
767
747
734
758
772
769
749
774
779
797
749
716
737
752
767
730
760
822
916
799
786
815
795
769
732
778
827
907
815
770
774
801
801
802
796
815
839
802
745
739
780
811
789
757
756
764
770
806
774
771
809
783
799
820
755
744
769
789
762
747
800
904
882
782
777
765
771
791
744
723
744
801
873
820
813
809
804
779
730
719
718
773
818
804
743
710
701
726
776
729
728
736
788
740
832
816
796
746
771
811
848
754
746
744
767
820
871
876
821
884
864
800
772
765
792
760
711
737
712
761
781
792
772
767
816
929
943
930
896
858
852
843
854
836
798
713
657
628
731
952
938
823
847
878
874
896
784
774
795
823
871
857
915
978
920
798
738
772
799
849
822
766
777
760
852
844
817
838
834
809
789
820
814
805
763
747
776
817
786
778
778
737
697
703
748
756
741
790
944
1021
854
895
903
818
734
733
758
747
692
708
689
638
653
770
834
886
857
851
770
736
743
772
863
897
821
795
740
783
855
792
749
730
739
725
729
733
688
671
668
666
691
709
746
771
695
714
706
736
764
784
828
781
788
772
752
741
765
777
797
788
695
707
711
685
672
644
638
632
632
648
685
757
683
653
673
761
749
774
731
722
728
733
729
733
707
716
712
712
690
656
643
603
595
668
734
840
901
913
861
888
839
694
703
814
782
838
880
862
784
806
762
697
722
836
849
810
783
771
751
721
727
735
749
744
765
756
745
727
738
724
675
653
660
643
611
752
1123
966
932
873
884
879
887
850
799
818
840
823
849
881
817
879
874
902
890
854
831
773
751
818
950
968
856
883
895
895
871
827
830
852
894
863
856
903
900
915
882
803
815
772
714
694
739
852
948
907
889
896
818
775
701
667
645
677
813
955
915
890
854
768
748
752
775
745
664
647
733
771
700
783