592
620
629
633
637
668
691
727
717
679
654
658
670
688
688
683
709
735
758
716
675
653
664
698
747
748
709
685
678
684
718
702
687
693
710
726
710
675
653
661
692
755
771
744
704
707
726
763
732
693
668
655
684
730
735
715
717
768
760
729
696
668
650
619
655
675
675
694
737
755
759
730
692
680
688
708
742
753
747
752
780
789
778
737
700
684
692
738
767
766
752
742
754
777
756
720
684
649
663
728
796
779
744
724
746
747
749
710
686
688
703
733
745
714
707
719
730
746
721
698
677
689
688
718
757
746
735
736
757
749
719
693
706
739
777
812
767
725
713
706
723
745
729
709
724
735
721
709
691
662
661
667
694
709
666
637
637
665
688
718
681
640
621
623
619
639
612
623
610
635
642
661
640
612
601
602
604
597
583
560
545
544
547
552
560
591
644
676
660
627
586
604
623
633
662
658
646
648
672
698
709
678
624
652
620
654
671
707
669
653
639
643
653
678
685
665
642
649
666
699
727
695
672
672
694
721
744
712
669
666
686
726
735
698
675
674
703
734
745
706
677
657
660
689
762
747
715
724
739
758
747
701
680
688
730
778
766
725
715
729
745
744
706
698
718
735
759
763
735
707
696
698
708
724
705
696
691
702
729
750
717
695
697
688
683
688
671
666
695
744
770
745
707
692
681
674
687
659
647
637
663
729
782
774
729
701
695
695
717
721
715
697
709
744
785
799
771
734
690
671
679
737
745
707
704
708
730
745
709
656
616
610
623
654
693
673
646
626
591
593
638
688
700
658
638
644
642
653
667
677
646
617
622
645
679
729
750
702
688
698
705
708
694
662
646
661
691
719
768
731
720
729
727
729
695
655
648
655
681
728
745
724
682
669
680
711
774
776
745
726
733
727
737
742
706
634
620
634
647
723
827
775
735
715
700
706
701
704
689
678
680
691
722
752
728
728
730
744
713
681
647
629
631
650
708
760
693
634
633
629
607
607
609
626
651
662
634
630
640
663
688
654
601
561
549
543
540
552
579
575
593
611
658
713
716
670
603
582
575
581
562
565
569
579
593
597
576
580
574
580
608
621
622
628
620
625
598
586
581
573
579
580
604
576
580
575
601
623
658
680
649
627
604
603
607
606
613
588
586
591
609
613
571
574
577
577
584
589
594
597
584
569
576
588
596
611
614
607
621
634
644
634
600
589
590
586
592
587
591
615
586
617
629
675
701
667
643
629
631
634
639
644
639
638
625
627
622
582
598
591
594
624
598
641
642
631
625
626
640
647
647
661
666
680
649
644
644
656
675
650
660
674
668
674
669
667
663
651
611
590
600
610
611
619
651
710
763
724
674
654
641
611
598
591
593
618
634
661
651
637
638
639
633
592
597
586
584
581
570
559
569
559
580
599
602
603
608
605
616
587
618
579
620
605
577
584
586
603
601
603
583
568
570
562
565
603
615
613
615
625
639
656
649
626
572
577
581
610
611
588
609
605
650
681
667
656
648
650
647
637
625
583
578
565
567
584
628
660
687
658
655
674
664
632
603
629
586
594
588
595
621
631
643
629
630
637
637
623
591
624
615
619
625
620
567
573
575
611
637
632
629
637
646
647
598
584
565
562
565
584
577
576
546
527
521
531
558
588
595
576
580
585
590
590
566
552
536
521
511
504
496
491
489
495
498
502
521
556
598
570
549
561
520
528
513
503
498
498
494
488
481
478
472
471
469
462
459
462
460
468
482
494
497
501
500
505
505
514
500
498
493
499
504
498
488
480
476
478
479
486
490
489
486
487
477
478
479
484
483
490
503
505
496
489
479
480
486
500
525
514
514
518
525
532
533
535
529
523
521
507
511
508
500
500
493
504
516
549
532
530
525
518
504
509
520
540
526
529
524
528
535
523
516
512
519
528
544
564
543
541
533
540
546
547
542
536
535
557
550
555
562
545
546
536
535
542
578
537
549
536
539
536
533
536
548
555
562
576
553
549
544
548
551
582
577
565
557
555
571
576
552
546
531
528
538
552
580
567
554
553
521
530
542
536
529
524
527
537
571
542
536
530
534
546
561
552
550
548
554
563
571
572
560
552
543
539
532
528
525
536
549
604
601
568
571
572
575
585
592
580
570
568
557
555
564
563
562
563
593
594
609
623
613
585
575
550
543
528
539
539
552
558
526
532
538
562
600
606
612
564
574
559
547
547
574
560
565
604
546
565
558
604
602
604
567
573
577
581
611
563
577
565
568
573
575
570
573
607
603
608
577
624
571
624
567
570
563
567
578
623
620
632
596
593
580
576
576
583
589
588
578
595
633
629
632
596
601
596
596
582
578
572
569
581
587
624
580
628
571
595
596
592
584
586
570
567
563
573
584
625
594
634
581
584
552
558
572
586
592
586
589
610
594
635
594
595
585
623
619
622
631
609
647
583
645
550
567
557
564
620
621
602
632
596
659
604
599
606
637
582
603
580
568
554
558
563
584
595
591
591
592
638
601
601
587
583
588
589
640
601
593
606
628
603
646
584
579
568
568
577
580
594
577
585
580
582
584
625
572
586
595
599
640
593
657
576
604
636
582
646
577
599
585
583
558
572
587
639
625
634
599
648
590
642
574
583
587
626
640
659
614
617
642
639
654
656
592
602
595
646
608
614
595
603
638
607
655
604
664
605
673
611
622
596
579
563
573
599
636
599
664
639
647
581
583
569
584
625
622
641
593
605
591
636
580
604
605
581
573
565
577
596
625
626
591
596
580
582
596
620
624
600
594
583
578
589
581
581
600
587
591
596
601
602
607
627
631
606
609
597
604
630
603
636
591
637
577
594
570
582
602
635
663
653
649
608
617
646
586
607
604
592
590
592
626
600
645
650
650
597
578
573
580
600
594
634
584
639
593
648
595
593
577
590
627
629
651
644
593
595
582
584
595
631
601
639
576
589
586
586
596
602
592
596
633
627
627
600
598
603
598
597
590
589
585
601
623
572
605
598
604
637
589
650
642
598
652
571
580
568
573
579
596
623
568
563
589
623
626
599
604
597
630
641
664
653
646
596
602
584
592
625
646
665
605
604
578
575
573
607
624
627
624
645
658
658
653
652
609
609
597
589
563
578
632
683
710
688
672
667
650
597
611
595
608
672
728
727
702
692
708
760
745
679
603
596
603
667
682
719
735
682
664
661
664
677
685
677
627
677
608
672
610
673
574
596
589
598
642
577
586
605
673
680
726
693
668
655
659
606
621
653
654
752
833
819
759
741
717
675
663
662
629
640
673
691
804
809
780
737
718
708
698
728
732
712
628
729
741
818
838
797
750
724
720
751
785
794
766
761
763
758
763
743
722
723
729
763
784
759
750
756
770
784
783
753
753
772
776
754
718
716
713
690
700
791
816
782
786
807
806
782
722
689
699
754
813
813
787
781
792
783
780
720
678
649
695
741
803
779
762
761
810
821
823
793
762
728
676
682
771
802
778
789
815
820
819
778
768
757
687
735
807
809
780
805
802
794
767
735
743
751
805
807
760
723
732
757
777
783
757
720
722
719
739
751
729
656
755
735
772
761
728
668
723
689
741
758
749
731
704
712
720
740
747
734
704
644
709
688
727
754
748
702
700
688
703
705
703
642
643
621
666
695
729
695
688
712
755
774
729
648
702
639
748
745
763
727
650
719
692
734
730
650
726
704
743
735
708
636
709
651
739
705
692
647
739
747
774
755
704
688
682
695
711
706
690
710
738
764
745
701
632
654
691
705
740
718
647
725
715
711
649
650
639
608
622
682
722
722
698
672
678
700
738
750
738
658
705
683
731
781
793
761
758
780
777
766
754
712
709
722
764
795
813
778
758
762
777
767
764
730
713
723
764
810
813
770
738
728
735
749
782
768
724
713
715
743
743
710
646
660
697
729
803
785
732
714
696
705
725
738
730
702
711
726
761
774
771
729
718
725
733
754
750
726
718
736
770
785
753
721
726
734
749
763
739
720
734
749
783
773
743
749
773
791
797
750
728
726
728
764
734
710
710
721
733
703
675
623
625
626
622
646
692
759
774
748
708
689
687
711
736
749
714
720
742
758
782
733
717
725
735
754
733
712
732
771
790
774
735
747
753
766
744
723
732
764
796
808
763
745
743
762
757
751
713
703
720
750
762
748
715
704
707
709
713
692
648
695
712
771
773
739
731
740
755
756
727
689
696
711
779
797
770
745
752
807
813
806
768
740
736
753
771
777
750
737
766
796
813
788
737
718
726
753
772
749
723
726
734
771
779
760
727
749
772
782
786
760
775
813
829
812
747
723
680
641
637
695
769
748
743
772
804
806
791
735
703
706
746
806
829
777
744
750
753
776
773
750
742
758
780
794
760
731
747
765
783
764
749
779
796
799
749
729
731
759
782
800
765
784
793
817
799
761
751
744
759
784
759
746
770
793
823
810
743
710
698
721
772
789
764
734
759
767
789
777
724
692
688
677
700
730
709
695
717
743
725
676
667
695
717
728
732
737
665
646
652
674
679
716
712
690
691
721
746
771
757
707
693
704
748
781
748
721
722
726
749
781
747
716
727
752
771
773
757
733
737
766
804
795
758
725
730
761
789
775
733
711
700
744
778
770
729
735
755
775
781
762
726
718
715
737
742
737
712
729
740
773
756
728
729
739
753
773
741
716
727
750
778
769
740
739
754
806
817
774
742
753
780
795
762
730
736
750
775
768
737
733
758
787
795
754
730
735
747
769
753
728
738
760
774
762
726
727
727
741
745
718
695
702
754
810
825
781
745
738
741
749
739
705
707
732
771
793
753
725
714
731
762
787
776
745
723
723
719
725
706
655
703
733
776
799
767
737
756
767
764
748
712
695
701
723
774
773
746
734
743
751
735
704
659
704
713
740
763
731
703
709
735
754
741
715
674
702
709
748
786
770
737
725
720
738
739
708
666
703
702
718
740
702
665
690
693
706
698
666
676
673
704
717
651
652
673
688
706
713
694
688
735
750
764
730
670
707
692
716
731
710
668
678
686
733
698
640
628
635
664
701
708
682
629
644
665
662
639
658
603
590
581
575
583
614
631
601
609
624
598
608
597
591
592
579
574
571
575
577
586
596
621
628
634
649
660
657
643
613
643
617
668
673
690
675
651
648
656
681
685
677
669
608
649
648
658
622
658
665
696
675
673
664
626
657
656
676
687
641
628
651
658
670
655
607
617
612
633
633
631
635
629
618
617
657
651
646
645
670
687
699
677
633
616
612
588
610
680
728
748
745
729
705
667
618
633
674
703
735
752
729
708
706
689
684
697
678
679
709
747
763
735
727
717
703
691
635
707
721
734
768
726
633
642
686
677
704
699
630
705
683
703
718
690
697
719
740
727
710
642
723
702
729
733
692
629
633
680
706
800
791
775
757
733
714
652
685
665
688
742
758
786
779
756
754
739
728
730
740
734
739
766
787
774
756
706
688
694
750
773
774
735
738
757
765
764
744
715
726
734
743
753
736
734
729
724
715
644
707
703
730
699
636
723
683
634
643
688
689
723
730
693
641
701
677
686
695
701
687
717
759
777
782
760
746
763
758
761
739
728
735
761
772
755
729
729
751
791
818
786
794
771
779
746
728
753
789
820
801
793
758
761
767
776
760
742
700
649
707
737
810
822
809
773
769
750
727
706
687
649
711
720
755
775
746
768
760
734
717
655
723
709
747
762
738
742
771
771
746
729
671
738
734
771
827
813
823
863
834
804
770
734
655
689
707
831
856
793
813
813
783
771
722
671
661
692
707
725
718
743
765
782
752
740
742
748
736
717
693
640
704
710
769
775
764
771
746
702
621
635
616
616
683
775
778
753
787
780
769
736
699
710
731
781
780
756
774
806
822
787
794
762
751
738
721
649
760
765
794
763
728
731
727
736
713
722
728
727
696
708
712
706
717
707
642
741
720
741
710
652
735
712
730
732
735
717
635
639
673
676
706
708
701
691
679
627
631
618
605
609
616
651
653
678
663
598
608
662
676
711
722
626
708
662
596
674
678
691
669
618
696
687
721
731
726
710
728
739
735
706
686
696
710
729
735
735
737
786
811
810
778
775
815
839
829
857
790
710
688
696
688
733
784
826
825
784
770
763
754
743
738
646
734
705
760
781
780
764
742
746
729
726
635
731
708
773
798
764
743
752
746
727
660
735
711
730
736
716
728
711
694
678
623
633
626
624
640
688
695
689
700
724
738