1117
1035
1025
1085
1072
1018
1044
1114
1071
991
1066
1081
1010
962
1012
979
949
1062
1112
994
1035
1079
975
974
1104
1127
1063
992
1034
1092
1037
1009
1060
1079
1037
997
1017
1069
1015
1012
1060
1091
1025
1034
1100
1097
979
1006
1141
1128
1081
1088
1113
1098
1033
1022
1043
1028
968
945
1025
1063
1018
995
1070
1081
1006
966
1057
1105
1021
982
1078
1111
1065
1056
1148
1150
1078
1055
1101
1102
1045
967
1028
1103
1068
990
1017
1082
1058
987
973
1018
1011
946
956
1001
1020
979
1003
1070
1091
1030
995
1027
1055
985
944
994
1071
1042
963
992
1038
1030
951
950
1013
1054
1034
997
1047
1075
1026
1024
1060
1078
1027
954
969
1025
1044
971
1010
1077
1073
1010
1021
1058
1038
949
906
970
1077
1063
995
1044
1078
1035
961
972
988
1001
944
968
1063
1108
1039
1052
1098
1073
1011
976
991
1003
984
932
1000
1055
1045
972
1005
1072
1091
1004
979
1041
1067
980
962
1024
1078
996
988
1067
1080
990
1012
1062
1043
948
948
994
978
931
898
971
1041
1017
965
978
1021
980
924
970
1040
1050
967
1031
1053
1021
933
984
1064
1052
953
974
1044
1032
954
927
973
1021
997
937
974
1011
1001
938
921
965
967
919
891
952
986
962
919
940
978
979
933
933
979
975
952
918
966
1014
995
938
954
1035
1098
1054
999
1044
1108
1049
957
979
1012
1032
986
958
1013
1077
1022
992
1034
1059
1036
974
988
1050
1092
1069
1083
1078
1034
962
995
1078
1086
1084
998
1021
1076
1076
997
1013
1086
1103
1048
1037
1108
1110
1049
989
1006
976
886
935
951
921
848
869
815
812
950
886
873
911
914
869
818
835
843
884
783
774
810
868
868
767
738
755
807
785
838
925
959
836
805
816
839
863
853
794
789
826
895
936
939
854
789
750
729
837
901
879
832
885
929
952
943
858
862
880
919
879
868
904
938
876
860
876
890
932
943
880
817
848
888
941
971
911
822
819
830
904
955
919
808
805
859
973
994
898
852
880
933
970
940
907
825
825
879
892
935
898
897
1063
962
888
965
966
979
996
942
927
942
986
926
846
897
1009
986
923
905
950
971
897
879
960
1025
1030
902
896
907
961
885
847
947
1004
955
863
850
897
918
887
835
890
943
943
840
782
766
834
952
898
932
1012
1019
943
889
899
863
859
810
754
760
811
929
943
929
939
883
840
875
936
931
838
880
947
938
854
873
901
895
864
932
1013
997
913
948
946
919
836
817
855
917
876
867
943
938
892
870
807
842
977
968
892
890
938
927
847
836
850
854
829
858
922
944
856
858
857
969
958
890
923
973
913
827
843
850
822
786
806
880
863
875
888
880
788
727
700
696
751
810
846
836
801
767
778
806
813
781
759
775
826
833
786
807
815
802
771
712
687
670
693
734
773
779
741
693
695
718
778
795
801
756
747
798
836
863
828
759
763
796
817
822
802
748
734
767
836
873
858
809
772
773
804
819
827
817
790
808
873
895
907
846
793
794
828
835
809
765
799
894
949
910
876
836
854
841
865
811
743
737
792
874
908
911
822
755
782
878
882
916
931
881
859
873
874
913
899
924
934
938
854
792
803
880
912
916
886
921
906
883
854
850
830
852
951
904
940
981
943
881
797
804
839
939
929
961
938
832
746
733
764
870
925
961
954
942
880
794
831
851
953
979
954
859
799
810
875
907
925
927
907
962
980
935
868
898
980
914
850
846
905
910
932
905
919
934
954
906
824
883
922
934
910
920
936
903
828
808
862
975
941
916
910
951
929
848
863
923
928
916
824
816
877
900
893
834
840
861
885
810
839
891
896
914
836
794
806
831
840
800
810
819
883
934
887
878
888
857
792
772
790
846
886
863
829
861
887
843
791
747
759
800
864
900
882
868
935
867
795
743
758
771
845
915
892
909
943
932
879
785
772
763
768
816
832
765
775
817
893
891
847
788
816
868
878
851
813
804
845
909
877
788
752
774
800
854
855
798
804
810
878
874
860
833
842
849
845
755
730
744
812
868
809
775
825
874
927
878
878
882
906
853
770
752
744
757
748
739
776
897
894
854
803
803
815
874
818
743
713
729
789
835
823
818
856
900
918
852
802
783
809
839
818
765
800
849
881
900
859
839
805
815
850
796
812
852
862
849
823
765
827
991
946
887
804
776
772
814
766
705
694
702
739
885
927
811
752
755
769
796
720
709
702
726
771
854
907
898
879
807
741
721
736
775
876
885
874
852
806
793
802
872
871
841
1066
1042
966
963
954
935
954
983
914
954
1050
1014
969
882
806
854
936
846
802
841
873
976
994
947
942
943
905
894
951
1020
954
891
909
965
905
819
840
926
971
1066
1016
980
913
867
974
1105
1107
1014
1003
1056
1016
1020
1082
1127
1033
1098
1125
1085
1016
1056
1084
1047
1001
1076
1070
1001
1002
1052
1028
992
1044
1064
1009
964
1019
1001
898
911
983
1022
982
998
1041
1007
996
1047
1050
969
1014
1076
1069
1003
1068
1087
1055
984
1051
1073
1022
947
995
1059
1036
995
1040
1094
1064
971
1033
1098
1082
1011
1060
1098
1057
1021
1066
1059
1013
994
1059
1089
1041
1031
1070
1075
993
1024
1084
1078
1006
1035
1104
1069
971
1016
1084
1062
1008
1063
1083
991
1017
1071
1069
987
1003
1069
1077
1035
1084
1109
1048
1045
1071
1053
1005
1040
1056
1062
997
991
1063
1077
1006
1011
1021
1050
978
1000
1077
1043
979
979
1048
1034
974
1025
1052
1013
1007
1105
1073
1000
1017
1040
997
934
973
1050
1037
1049
1131
1098
1002
938
969
1020
974
985
1038
1080
1007
999
1048
1049
956
1004
1108
1049
961
1007
1085
1074
1002
1026
1062
1029
1026
1063
1041
965
1020
1071
1022
979
1018
1066
976
971
1014
1052
992
1036
1086
1041
960
992
1068
1055
993
1024
1053
1014
903
942
1037
1074
998
1008
1059
1044
987
979
1047
1091
1019
1042
1103
1111
1036
1013
1039
1008
980
1010
1053
1039
1043
865
941
1044
915
967
1030
1063
1058
983
984
1033
1060
908
830
955
1231
1187
1100
1002
1029
1049
1024
960
977
1039
1064
988
1004
1060
1113
1048
1032
1044
1049
1009
1008
1057
1083
1023
1021
1054
1057
996
1009
1028
1035
987
1016
1048
1040
993
1043
1047
1019
980
1041
1083
1041
1032
1061
1054
989
1059
1105
1061
950
994
1026
1017
962
1015
1030
980
938
994
1021
971
990
1075
1051
966
1019
1034
976
905
918
937
934
896
887
898
928
943
916
949
996
1006
957
1008
1029
1021
979
978
1029
1019
971
981
1008
984
943
977
1047
1064
982
1009
1016
944
922
1021
1089
1013
1008
1063
1071
973
1001
1071
1075
985
1023
1100
1031
969
1050
1059
998
1001
1041
1079
1018
1018
1040
1031
955
986
1043
1055
983
1019
1062
1075
1009
1012
1048
1044
976
974
1013
1055
1018
1023
1051
1053
982
1009
1007
1008
934
978
1026
1028
996
1038
1047
1021
960
988
1035
1030
981
1023
1087
1065
1013
976
1017
1031
1016
957
1017
1072
1067
1000
1007
1021
994
975
1002
1033
980
938
1021
1039
950
964
998
992
952
1002
1021
956
982
1053
1038
945
995
1067
1051
970
1004
1050
1034
950
954
1015
997
944
999
1050
1019
940
961
986
978
921
962
1002
1009
949
998
1029
1034
982
959
1028
1035
972
1028
1041
995
940
993
1022
1008
944
1005
1040
996
938
1001
1052
997
980
1040
1052
974
965
1019
1027
948
981
1071
1072
979
982
1022
1002
937
1000
1049
1017
967
1010
1051
1036
951
968
1025
1044
992
1056
1067
1027
968
1025
1045
992
933
973
1017
980
966
1007
1031
982
952
1007
1025
972
933
979
1014
960
953
972
988
945
980
1045
1034
955
950
952
954
896
916
987
991
927
948
1029
1043
1003
1013
1031
1031
968
953
1008
1051
1031
930
1004
1100
1029
932
865
799
737
734
754
1023
997
943
833
807
885
812
752
729
723
719
738
742
749
756
748
732
716
706
706
705
691
684
705
771
844
934
870
796
795
833
917
917
932
887
881
831
811
820
864
801
767
907
1001
954
972
960
952
918
921
938
951
927
945
951
951
913
924
963
982
946
932
958
927
881
938
982
975
950
990
986
927
969
1011
970
932
987
999
957
956
1017
1000
942
978
1023
1007
958
998
986
913
925
974
980
918
1001
1038
1032
1009
999
977
908
914
937
961
918
979
1048
1014
947
948
954
898
916
968
1000
985
1044
1074
1034
968
979
923
855
869
963
1017
964
991
1001
997
931
979
1027
1030
1004
997
977
929
952
994
996
963
973
998
1006
987
953
979
996
996
932
975
1043
1028
959
997
1042
1027
924
965
1056
1005
931
987
1032
1017
954
980
972
1003
918
953
1040
1045
959
970
1016
1004
917
938
987
954
931
931
975
967
942
1020
1046
989
952
959
960
918
924
971
967
987
1050
1077
1028
1001
994
985
920
947
1014
982
936
922
938
924
864
835
893
925
934
886
912
958
943
918
952
922
946
981
1001
934
928
950
906
896
819
768
800
924
882
909
979
974
909
918
939
930
901
969
993
936
929
966
990
931
935
988
1011
931
959
995
1005
939
948
1029
1053
991
975
1002
989
919
959
984
953
921
943
982
945
984
1034
996
918
896
933
963
901
932
1017
1046
987
948
971
974
952
928
944
872
925
979
992
939
938
1005
1012
951
972
1002
973
979
993
942
921
998
1029
966
1011
1038
1020
952
950
986
1015
999
1022
1030
983
938
983
1014
985
1002
1010
951
953
915
871
881
915
933
935
937
909
833
767
758
817
980
973
955
976
965
833
750
717
721
778
893
946
1000
1003
979
932
872
896
930
908
844
834
899
987
984
983
960
971
985
915
909
867
781
739
751
800
795
865
982
1004
965
979
984
937
902
907
939
963
945
942
857
833
883
916
974
957
930
952
976
960
827
762
758
803
913
999
905
880
890
879
904
887
872
852
828
785
775
785
828
871
904
936
938
936
920
922
967
930
826
828
887
964
960
921
944
999
1005
927
916
950
990
929
914
951
1013
993
1018
995
915
932
964
950
905
803
809
882
953
995
945
941
978
950
900
890
791
772
804
873
906
938
907
855
813
748
711
705
727
844
987
993
991