876
798
812
846
894
949
960
962
894
855
879
848
836
854
859
822
793
824
877
904
951
994
958
961
975
927
903
932
950
977
906
953
940
921
880
935
936
925
992
970
931
943
880
902
947
946
888
905
944
951
930
986
953
953
943
899
886
938
989
991
930
965
1019
1033
1000
984
913
870
886
903
975
921
929
916
906
957
948
930
873
928
957
961
948
936
922
876
891
899
869
873
970
950
965
901
936
941
958
933
920
930
938
981
927
928
978
952
952
905
887
996
947
932
898
901
945
983
934
896
938
954
921
854
833
866
872
878
900
927
940
918
901
869
846
831
831
854
893
996
1079
1009
1004
995
945
907
938
993
984
957
909
867
883
934
993
999
979
944
918
961
1019
999
972
912
942
956
961
898
894
942
950
928
1013
1015
920
952
1001
1025
1037
939
911
913
898
952
995
1010
964
980
1012
1021
1020
936
959
956
957
953
849
835
896
892
937
932
915
855
816
858
876
853
886
933
966
987
998
995
923
952
953
908
864
886
935
976
922
1007
1056
1045
1035
1016
967
938
950
964
1007
934
1009
1039
1049
1030
1041
990
943
983
1016
1022
964
966
1025
1022
1005
949
1021
1001
1018
1003
956
1022
1035
1017
988
965
987
979
971
875
922
861
822
856
866
920
866
943
879
901
850
869
872
830
859
904
933
960
968
953
924
942
968
902
905
900
850
817
876
939
1004
983
1011
948
880
890
893
916
966
929
962
980
993
987
987
975
917
916
929
931
969
953
921
959
997
1026
993
1016
1030
1032
1032
986
953
880
822
903
1008
996
909
953
934
948
969
973
949
863
870
825
771
697
672
685
754
896
917
884
846
824
817
774
778
812
859
893
942
949
840
889
894
875
868
854
792
787
828
888
970
817
863
896
895
900
896
876
858
832
810
811
794
742
744
818
845
815
895
965
924
927
881
893
871
852
832
851
880
838
868
948
958
986
933
974
994
1009
1015
1012
924
850
886
936
998
917
897
896
932
978
919
928
865
856
857
852
890
860
901
952
870
901
831
816
838
830
832
861
859
844
831
813
804
832
851
859
891
813
823
804
797
824
888
945
970
978
931
899
860
813
824
812
802
805
736
697
717
813
990
985
888
839
846
863
895
1009
961
952
808
844
792
722
681
733
837
904
964
938
880
879
917
920
899
837
779
742
726
679
691
669
702
788
877
842
861
871
851
823
793
801
835
857
892
878
867
825
771
707
646
615
648
767
860
920
920
915
908
861
886
908
912
905
885
862
813
830
815
767
753
796
787
816
875
860
825
798
792
791
804
795
796
740
734
724
733
775
780
760
775
841
789
726
715
729
741
725
711
721
746
763
750
767
776
743
731
699
678
674
656
636
614
625
673
701
672
680
725
729
729
704
758
738
737
694
636
614
612
625
650
649
637
680
755
794
810
732
730
690
662
682
730
786
792
758
836
817
780
766
769
759
746
743
818
806
836
815
825
771
777
741
744
796
862
888
884
857
800
791
731
694
668
688
1015
1048
944
855
832
868
888
884
846
785
756
677
679
683
706
772
823
884
829
804
796
784
785
824
780
783
757
748
761
795
771
771
795
834
830
792
729
713
724
765
821
838
848
881
854
855
843
813
855
878
816
771
760
767
781
808
841
828
835
818
810
785
766
794
812
820
846
887
910
865
851
812
847
902
951
921
931
924
934
917
889
892
913
875
906
937
883
902
907
857
912
898
858
887
834
807
860
916
933
898
913
895
855
879
877
868
852
851
898
938
896
919
930
912
924
938
898
896
894
881
908
918
877
890
883
868
882
846
787
755
810
840
765
798
886
908
941
890
868
897
883
834
867
888
959
977
968
911
952
936
935
917
959
935
885
930
930
944
872
811
835
854
897
912
902
893
898
866
864
883
896
878
870
877
875
843
810
841
874
902
922
903
907
866
828
821
857
900
944
946
944
921
901
870
900
846
819
853
907
922
926
947
930
900
854
886
892
909
899
948
968
945
948
925
914
847
792
868
912
980
883
924
894
921
924
939
921
849
833
854
916
962
949
942
926
952
966
933
902
893
896
920
943
939
953
948
930
925
960
965
935
947
960
975
904
918
944
953
966
952
969
974
926
919
937
908
875
867
898
901
921
915
932
941
931
893
873
869
810
835
870
931
935
905
907
910
891
863
885
922
879
831
828
830
875
916
866
843
870
880
902
873
903
903
893
885
933
970
952
894
904
917
936
929
898
841
856
908
921
901
889
915
902
884
884
886
844
871
823
789
788
854
897
900
886
922
918
872
849
788
781
745
751
753
785
864
829
808
811
804
772
785
779
778
840
834
765
725
710
698
771
763
759
752
793
764
733
711
752
801
846
841
874
865
818
806
795
766
823
841
796
820
796
751
705
706
748
710
693
697
692
694
726
722
717
740
724
706
717
759
756
761
779
807
778
767
741
749
767
790
785
809
783
774
742
713
700
697
704
718
724
734
740
737
721
697
697
719
744
783
806
787
738
771
773
830
872
874
850
807
814
806
822
791
825
889
938
892
934
976
936
988
1027
998
1016
1013
994
918
888
930
944
987
1018
1000
992
980
933
961
998
939
927
984
978
964
936
947
967
1008
995
1019
977
946
951
945
942
945
929
956
989
986
937
919
927
917
911
898
849
883
937
932
952
960
954
953
960
896
891
896
891
877
843
814
885
944
945
972
956
953
939
928
885
883
902
918
928
935
925
861
817
806
807
807
838
825
828
907
880
912
925
903
841
819
777
721
698
706
758
822
867
900
877
850
841
818
803
836
915
946
975
908
933
936
928
893
861
827
874
940
1025
981
945
927
915
866
889
928
904
907
906
896
906
910
887
935
896
854
866
931
962
973
938
943
929
882
878
854
881
990
1059
1039
1014
1013
1041
991
992
985
929
961
963
895
947
941
926
886
889
891
891
902
877
895
905
957
917
963
930
954
958
964
959
944
908
868
864
890
828
836
883
890
876
848
925
905
930
919
911
931
902
867
837
836
819
829
826
865
878
934
964
963
935
886
897
889
879
895
863
865
897
925
905
868
890
915
907
883
857
846
798
787
907
926
973
940
950
943
894
916
927
894
937
984
938
935
980
986
1026
1031
1001
1009
1019
955
936
977
952
938
985
1034
989
985
967
944
950
886
862
874
876
922
933
978
925
921
998
998
953
968
972
909
927
896
924
860
823
873
897
892
960
960
910
953
1014
981
998
933
987
1001
988
993
951
983
1009
1017
1033
1018
1014
1021
1021
970
978
931
846
913
983
1026
932
981
970
921
878
912
901
881
908
951
959
994
948
923
922
863
873
943
974
1028
1055
1047
1044
1055
995
1055
1104
1141
1098
1020
1063
1098
1076
1038
1077
1087
1059
1044
1086
1074
1058
983
1016
1049
1030
1000
1006
992
946
959
1015
1056
977
979
1004
1003
984
1001
928
895
834
811
839
906
891
897
921
899
880
879
918
967
954
962
928
940
946
938
904
939
972
912
877
846
913
907
921
886
904
911
925
929
923
932
960
987
990
986
1008
1053
1051
1047
1038
1026
1057
1053
1040
981
1019
1042
959
944
1001
991
910
982
980
953
896
897
931
950
919
959
961
921
915
936
947
953
946
906
934
935
951
941
885
882
873
885
863
914
965
972
917
899
969
967
979
970
1001
1012
1017
975
985
972
953
943
1011
1041
1032
1000
974
994
998
988
938
918
970
1015
1071
1011
1033
1026
1021
992
1019
1035
1021
974
1016
1035
1014
1007
1059
1056
1050
1025
955
968
1009
1036
1051
982
1027
1060
1044
985
907
989
1010
1050
1008
1003
1021
969
971
962
1033
1119
1054
1018
1085
1133
1086
1024
941
903
978
1013
996
1017
992
961
971
964
990
994
980
994
985
988
946
992
1024
1029
1003
970
1012
1015
1019
968
963
1010
1007
1039
990
968
1005
1024
971
903
911
921
910
921
929
954
963
907
925
950
957
966
919
937
932
912
872
894
906
935
908
907
929
955
979
938
913
978
993
973
897
863
836
891
976
917
848
872
935
986
1020
972
988
1082
1082
1070
1036
985
1047
1072
1098
1007
981
1011
1008
916
873
955
985
1039
1020
936
956
906
860
828
844
905
959
956
985
946
971
987
986
979
981
933
979
1018
1018
1020
956
1003
992
1019
1023
985
976
967
944
923
1000
1049
1035
979
965
993
997
978
997
1027
1049
1001
1016
1015
1002
983
958
1008
1031
1059
1021
1014
1060
1070
1018
1032
1078
1113
1040
969
1023
1062
1032
1002
1068
1101
1106
1008
993
1045
1043
979
899
936
1054
1084
1055
1078
1104
1119
1065
1028
1038
1033
976
863
898
866
834
806
960
1072
1053
1011
1066
1096
1099
1041
1035
1049
1024
1013
952
999
1015
1031
971
941
1001
968
945
900
979
922
970
991
975
929
851
821
863
1002
1007
1021
1022
1015
1060
1089
1050
979
982
967
938
929
897
976
980
929
909
875
898
928
938
908
865
829
846
854
873
924
920
986
996
960
977
930
978
1035
1076
1088
1097
1015
998
1006
941
913
972
986
953
963
957
954
898
940
979
948
917
920
896
929
886
862
909
958
994
991
956
993
962
947
890
895
954
984
1007
965
1000
1034
1010
968
967
957
972
985
959
941
999
1038
1058
1059
979
992
1004
1047
1028
971
1038
1061
1069
997
1051
1066
1053
971
939
895
851
817
769
734
778
886
855
854
901
979
932
953
881
833
829
818
822
872
898
954
916
914
830
789
738
721
713
726
731
773
847
886
927
937
917
859
886
925
914
864
921
887
813
755
765
832
959
959
955
963
901
881
869
858
809
827
847
811
855
884
885
859
913
947
912
848
806
773
798
871
896
884
931
954
921
899
911
883
879
866
850
810
803
854
883
854
826
856
898
943
931
937
955
955
910
914
937
939
928
979
1024
1016
976
953
1028
1020
951
924
938
942
871
921
968
984
1035
937
917
926
889
914
966
953
932
941
973
983
933
956
962
945
923
954
971
999
954
974
988
980
950
934
1015
1088
1035
961
957
1095
1051
970
1013
1000
975
938
876
846
799
833
963
1006
1022
1000
1014
928
952
975
992
998
1006
958
924
937
898
848
795
765
770
802
878
944
960
959
928
916
856
823
816
835
903
987
1029
1055
995
935
1053
1048
1015
1021
1018
1015
1050
990
1008
988
1009
975
923
980
1020
1039
987
993
986
990
1013
976
978
989
985
983
1011
1017
1042
997
925
912
963
977
948
870
815
814
859
1022
1023
1018
932
974
982
952
901
888
904
942
881
836
853
838
860
956
991
890
895
900
864
809
856
834
830
796
836
875
884
857
880
909
912
916
920
949
934
1010
1048
1061
1063
1058
1000
1050
986
931
885
895
981
1068
962
960
1005
1033
1036
955
1000
972
983
1053
1034
1036
1047
996
1031
1048
978
998
1003
1004
958
1055
1090
1029
955
964
942
886
866
877
885
932
1044
923
1051
942
968
1007
992
997
1046
1078
971
977
1042
968
1001
981
998
991
1021
993
1015
992
997
1000
997
938
901
906
941
951
874
898
865
891
894
898
889
870
816
839
889
911
916
881
895
896
921
950
985
981
863
872
900
973
978
1000
959
900
877
919
960
970
1036
922
957
988
1010
996
969
979
936