962
899
1142
1279
1174
1094
1153
1097
1092
1139
1080
1349
1248
1112
1192
1172
1002
971
1309
1298
1212
1171
1134
1028
911
956
1220
1151
1206
1230
1143
1041
1070
973
969
1221
1261
1193
1103
1010
1136
1313
1360
1316
1084
1258
1244
1181
1116
999
1021
1086
1105
1235
1184
1203
1257
1202
1197
1257
1260
1146
1171
1146
1210
1256
1250
1264
1193
1163
1162
1256
1347
1355
1286
1119
959
941
1063
1024
1121
1150
1104
1110
1249
1268
1063
1271
1411
1381
1319
1370
1210
1015
992
1109
1114
1332
1189
1226
1248
1176
1033
1137
1267
1265
1125
1122
1108
1048
1050
1382
1245
1419
1349
1195
1263
1238
1199
1330
1260
1114
1233
1216
1117
1164
1200
1074
1058
1216
1259
1201
1340
1212
1099
1244
1299
1214
1281
1257
1260
1186
1245
1213
1103
1118
1313
1165
1151
1166
1076
1147
1304
1199
1194
1094
1073
1099
1069
1114
1235
1218
1175
1156
1158
1054
1057
1233
1251
1381
1238
1108
1234
1296
1233
1130
1266
1188
1062
1169
1278
1142
1119
1121
1094
927
1181
1344
1308
1250
1241
1170
1103
1203
1249
1104
1146
1196
1153
1077
1127
1249
1241
1242
1208
1119
1133
1135
1031
1051
1180
1188
1078
1117
1030
946
1075
1247
1190
1063
1108
1176
1121
1166
1223
1127
1141
1219
1159
1276
1144
1146
1249
1129
1240
1273
1164
1236
1126
1077
1136
1089
1026
1165
1213
1129
1075
1143
1067
977
1095
1142
1078
952
1126
1177
1030
889
936
1185
1063
1123
1423
1127
1003
945
854
959
1228
1104
1081
983
957
895
888
1081
1148
1029
1009
960
992
978
917
974
1176
1157
1114
1020
985
864
903
922
1213
1084
1042
962
1090
1080
1068
1111
1079
1015
1038
1066
992
1026
1067
1053
1059
1137
1184
1057
1184
1031
1114
1097
1099
1068
955
900
1087
1300
1084
1114
1126
1018
1028
1028
1059
953
1015
1042
1085
1008
957
909
864
895
985
1081
1039
1102
1099
961
926
880
964
1161
1191
1087
1088
984
1042
1411
1245
1182
1106
1139
1310
1286
1214
1270
1159
1152
1271
1256
1186
1145
1146
1254
1130
1224
1106
1122
1298
1279
1187
1133
1161
1182
1149
1395
1353
1169
1202
1229
1188
1105
1152
1207
1182
1008
1139
1271
1188
1144
1279
1250
1279
1129
1005
849
881
1209
1312
1179
1102
1232
1196
1166
1098
1049
1070
1190
1212
1161
1042
1053
1053
984
925
1266
1300
1051
1129
1154
1110
1055
926
1015
1148
1091
1128
1080
1013
1044
1197
1177
1033
1030
1062
1002
958
881
897
1021
1017
901
803
808
845
902
876
854
879
907
896
896
854
848
795
811
806
828
912
799
780
806
791
768
745
730
721
723
783
944
985
892
824
799
836
847
852
957
943
896
822
815
827
759
730
787
930
991
888
794
732
758
794
860
910
854
834
859
865
832
784
813
846
896
874
870
814
769
744
809
960
1024
928
741
788
804
991
947
904
839
785
874
1022
1004
939
812
809
853
921
931
924
871
891
859
906
917
848
860
919
949
936
894
772
790
931
1035
985
937
874
771
789
748
818
981
954
947
1006
948
939
950
1077
1042
1070
1021
996
969
1022
1023
1069
1110
1123
1132
1031
927
954
1118
1125
1020
1047
1141
1065
987
915
1112
1171
1080
1066
1010
954
923
1059
1086
986
947
1011
1161
1063
1050
1132
1108
1039
1043
1109
1090
987
964
969
1090
1121
1149
1080
927
900
963
1036
1095
1087
1164
1066
977
868
963
1144
1106
1078
1053
997
969
961
1097
1115
1096
936
843
1010
1065
1094
1056
944
919
1019
1148
1156
1034
1068
1073
1021
921
1036
1058
1116
1100
1032
936
923
1025
1177
1049
1148
1085
1072
1000
1001
1074
1099
1106
1052
1052
1093
1059
988
960
1116
1028
947
980
1088
1097
989
991
1074
1025
883
848
1071
1074
1052
1024
1021
976
1064
1061
943
849
1079
1032
1015
1050
1051
1067
1051
1020
869
742
738
852
1158
1159
1100
1038
984
929
922
955
986
886
825
910
934
970
942
973
900
943
938
958
992
929
990
1088
980
858
936
1044
1014
990
1079
1096
1068
945
1003
1064
1099
1102
1009
1060
1168
1048
1025
1016
960
1048
992
1035
1174
1204
1109
1079
926
873
1100
1084
1127
1037
1151
1092
995
990
1053
1193
1044
1118
1139
1065
1030
1069
1081
921
893
1006
1087
1077
1014
1001
1038
1013
1032
977
907
899
886
826
865
900
955
821
866
890
923
787
737
734
779
906
893
910
952
904
848
861
837
1016
909
902
1075
1075
978
884
799
838
885
875
815
835
857
835
786
872
1017
935
893
883
874
905
954
916
847
862
1169
1194
1141
1103
1033
1100
1108
1090
991
907
945
1131
1107
999
929
1024
1165
1103
1050
957
934
879
893
1292
1248
1112
1065
1020
991
946
1093
1095
1018
1028
945
1013
1158
1205
1172
1256
1208
1146
1227
1258
1169
1264
1276
1201
1302
1207
1136
1237
1277
1226
1229
1277
1244
1223
1363
1297
1197
1225
1199
1196
1318
1219
1062
1285
1331
1220
1066
1180
1367
1227
1044
1351
1296
1052
1196
1152
1168
1152
1097
1099
1273
1242
1133
1217
1205
1051
1000
1105
1173
1193
1218
1132
1024
1216
1223
1095
1105
1140
1104
1217
1205
1142
1134
1118
1105
1036
1208
1312
1232
1105
1150
1187
1079
965
1056
1209
1115
1030
1145
1123
1090
1018
1167
1255
1145
1184
1210
1160
1128
1324
1318
1146
1147
1242
1216
1114
1173
1180
1070
1135
1212
1146
1069
1294
1278
1178
1289
1248
1204
1100
1245
1201
1129
1120
1298
1332
1225
1251
1163
1064
1138
1135
1047
968
1171
1220
1089
1106
1268
1182
1031
1084
1142
1120
1102
1163
1051
967
1009
1245
1181
1005
1040
1153
1170
1074
909
854
903
1290
1193
1101
1147
1128
1044
951
1045
1193
1182
1129
1165
1083
961
930
1350
1331
1205
1125
1191
1169
1041
939
1109
1315
1259
1148
1152
1145
1133
1095
1176
1129
1012
956
1253
1229
1115
1201
1289
1209
1127
1057
1045
975
1066
1271
1193
1070
1225
1252
1187
1119
1198
1186
1145
1057
1178
1187
1092
962
1001
1195
1259
1115
1060
1201
1260
1110
1068
1223
1215
1094
945
941
1102
1158
1066
1186
1339
1204
1072
967
1099
1188
1175
1100
1091
1249
1224
1025
971
1140
1160
1085
1107
1132
1083
971
866
919
1244
1243
1162
1072
1132
1192
1032
964
986
1268
1256
1183
1102
1234
1250
1246
1175
1185
1191
1199
1099
1181
1176
1118
1012
963
1229
1253
1082
959
1055
1255
1207
1065
1062
1143
1162
1104
998
1134
1229
1189
1094
1058
1199
1114
1053
1131
1169
1131
998
1019
1227
1247
1121
1014
1059
1135
1094
1023
1139
1227
1118
1022
1037
1157
1129
1012
1026
1062
1173
1094
1198
1208
1120
1092
1166
1116
999
1038
1005
880
833
989
1034
1056
1217
1252
1195
1096
978
981
1314
1274
1108
1179
1328
1257
1123
1144
1244
1242
1180
1157
1200
1169
1048
1112
1278
1270
1159
1221
1233
1173
1080
1198
1258
1154
1012
1109
1249
1224
1118
1235
1169
1054
1020
1205
1153
1009
954
1186
1237
1073
1134
1214
1220
1074
1206
1212
1132
1002
1227
1195
1117
937
1092
1212
1064
1041
1084
1148
1134
1028
1097
1179
1188
1119
1062
1205
1164
1093
1048
1131
1205
1212
1128
1069
1055
1070
1024
1093
1237
1183
1016
1009
1146
1163
1066
1155
1209
1118
1002
1004
1215
1096
1136
1265
1217
1106
1147
1238
1217
1077
1020
1081
1188
1159
1138
1155
1081
940
861
1117
1313
1250
1145
1160
1151
1064
974
1032
1143
1154
1045
1066
1071
1069
1068
1192
1212
1082
1124
1137
1088
1070
1170
1125
1090
917
891
920
1185
1045
976
1007
1120
1078
1036
1116
1164
1071
1015
1047
1112
1048
967
1050
1223
1131
1005
870
924
1254
1196
1120
1168
1148
1005
906
1025
1218
1226
1115
1123
1144
1109
969
931
1223
1282
1180
1090
1172
1108
1025
976
967
1089
1033
986
1175
1179
1081
1066
890
814
824
799
850
896
1025
1051
1016
893
803
798
824
852
835
802
848
913
1008
970
898
934
938
985
941
918
951
999
1023
972
878
815
816
903
1270
1155
1018
886
886
981
936
972
1155
1143
1058
1090
1101
1061
933
875
905
969
1031
1147
1155
1145
1114
1033
913
975
1099
1054
1026
939
891
996
1291
1213
1169
1169
1159
1088
1019
989
1094
1175
1095
1012
1033
1125
1019
897
906
897
919
1007
1038
1037
992
946
900
891
865
908
1037
1243
1197
1139
1206
1271
1161
1085
862
877
1379
1313
1238
1091
1159
1271
1117
1007
1051
1062
956
1042
1398
1286
1236
1256
1148
1101
1100
1110
1057
890
911
1307
1249
1207
1033
1055
1164
1103
950
1011
1343
1151
1049
1122
1235
1163
1115
1128
1074
1066
1072
1048
979
1065
1118
1035
1036
1103
1058
944
1026
1240
1195
1109
1003
1032
1097
989
912
896
1016
891
1017
1197
1164
1103
975
1027
1101
1034
967
910
1021
1172
1152
1124
1193
1137
1023
1078
1161
1128
1090
1094
1055
987
1016
1086
1042
1093
1097
994
950
1086
1211
1124
1094
1069
1030
974
1035
973
883
899
1214
1192
1127
1009
974
894
929
923
850
822
887
1323
1154
1020
1057
1039
1029
1001
1086
1212
1191
1063
1054
1060
887
876
1220
1092
1007
966
931
886
826
808
801
802
813
813
928
938
878
874
979
957
948
913
857
769
784
796
865
952
1046
1012
1013
963
997
1031
1271
1300
1165
1136
1178
1200
1115
1038
1230
1202
1042
1051
1295
1262
1043
866
809
894
1111
1017
1075
1111
1075
1085
1051
980
880
1089
1408
1351
1213
1202
1226
1131
1138
1041
982
1009
946
1026
1168
1142
1029
940
903
977
995
976
944
1152
1230
1121
1022
1095
1153
1115
1031
929
1009
1269
1176
1075
1018
1102
1043
1111
1185
1035
1000
1259
1161
1025
958
920
1154
1071
1125
1153
1119
1067
985
925
898
880
854
842
838
832
825
798
832
1063
1328
1145
1091
1059
977
966
1098
1111
1048
1014
984
961
923
897
822
852
1074
1118
1217
1168
1036
1015
1247
1148
1139
1188
1051
1018
945
776
809
815
1247
1130
1034
1046
969
851