778
783
801
747
717
743
770
767
720
758
771
795
754
748
810
885
891
785
694
681
771
1049
950
905
870
822
793
732
738
818
850
854
778
733
805
855
896
890
854
811
744
727
836
932
928
839
815
785
720
754
780
881
804
811
874
837
814
748
805
988
1050
906
767
768
844
936
882
1051
1069
936
929
916
849
794
742
777
1100
1022
1003
962
920
826
742
809
1021
1021
965
938
843
732
715
771
952
1017
962
907
803
816
812
763
718
710
813
1024
981
900
812
758
692
661
658
672
794
1137
976
942
853
757
785
811
759
712
717
918
1046
1019
974
880
801
761
702
765
1130
1023
1006
986
880
733
678
730
1156
1021
978
947
867
790
721
680
666
672
733
1122
960
896
799
735
702
677
658
673
722
849
914
851
784
764
756
728
704
687
702
779
929
946
910
843
788
745
703
721
1028
961
899
846
798
721
689
744
738
729
804
1103
1002
957
934
872
849
773
724
748
1069
1018
993
950
915
819
739
721
781
962
1021
908
827
740
781
985
1017
986
950
868
779
736
787
955
991
958
910
875
834
768
721
781
893
966
920
862
826
762
705
709
850
1068
1023
945
894
815
743
720
825
1097
1021
946
883
800
757
728
839
1044
978
879
844
817
796
756
717
736
1075
1020
999
949
813
726
760
981
944
897
848
761
717
742
1095
1096
792
1004
935
785
767
814
915
926
794
773
768
762
743
717
740
964
1003
937
838
788
756
711
682
683
730
841
924
908
821
792
793
768
749
698
672
654
663
1031
948
902
821
717
678
667
654
651
685
815
977
912
870
832
769
724
709
770
781
826
813
835
780
721
709
734
740
748
726
704
743
838
917
906
827
764
728
688
684
741
812
950
866
776
781
832
865
933
821
751
755
780
798
844
841
843
747
711
700
702
691
720
702
693
684
704
677
689
732
818
776
760
769
733
688
701
722
742
719
735
782
758
736
721
694
741
782
757
720
719
694
693
689
695
683
656
658
739
706
674
670
678
670
653
657
686
661
686
672
660
676
669
645
662
641
656
652
640
640
642
660
668
646
643
644
671
679
672
679
679
688
682
693
714
769
695
694
713
754
750
741
692
688
699
750
747
822
944
824
753
754
729
770
739
760
750
722
814
821
759
760
727
712
746
777
778
725
783
848
767
827
833
765
785
778
800
774
778
900
812
781
802
737
688
697
731
750
739
733
731
756
738
728
722
683
669
669
669
666
656
652
659
634
632
656
683
690
685
723
751
738
746
766
760
702
693
693
733
777
836
790
820
768
761
727
744
813
836
851
842
787
774
729
773
777
739
720
731
788
759
746
690
728
721
759
741
760
764
749
770
790
771
759
773
714
721
718
728
701
708
733
762
723
737
732
731
721
735
751
694
703
683
674
677
715
706
719
733
706
696
723
732
701
694
691
669
646
646
651
702
695
745
701
689
681
705
688
667
663
658
645
631
637
651
739
722
751
685
659
661
643
628
640
670
688
681
629
619
605
604
606
607
625
689
649
616
600
598
623
647
605
589
582
587
593
585
591
597
617
609
583
581
600
638
609
601
615
650
634
624
629
619
610
603
601
617
629
640
661
719
728
667
658
662
673
648
667
672
685
666
640
646
645
655
651
627
631
644
610
609
613
659
715
685
617
613
616
659
731
672
648
646
665
683
713
745
705
688
686
677
653
672
681
704
731
728
670
681
723
763
696
675
733
759
691
705
794
736
720
749
797
741
677
668
688
747
879
783
769
854
796
771
771
746
676
738
756
802
860
726
705
743
861
793
707
729
801
828
740
721
697
754
835
711
711
770
881
789
742
817
838
736
671
674
697
782
788
736
719
738
794
709
658
634
625
657
662
667
668
691
771
694
686
683
686
705
748
659
646
654
742
773
688
664
665
682
717
715
726
667
673
725
688
713
734
816
778
684
650
643
682
661
682
688
813
758
693
714
795
763
714
725
805
894
746
725
786
783
776
827
737
717
699
736
776
781
783
797
841
741
744
769
785
710
725
799
786
763
729
689
754
725
693
467
745
629
738
818
813
778
724
676
633
605
603
603
627
709
708
676
660
663
702
715
767
787
760
726
749
837
775
704
790
786
796
799
763
827
774
777
767
758
730
688
692
766
771
855
901
799
712
691
772
850
795
747
781
854
805
719
720
748
763
756
699
696
700
691
706
694
737
706
708
673
679
698
778
751
698
705
732
757
734
702
692
705
756
731
723
714
709
748
677
652
645
699
718
711
729
800
783
786
780
683
669
670
752
813
745
727
749
771
851
761
732
714
760
729
801
749
711
771
764
729
800
845
800
712
729
734
748
796
783
737
708
773
736
704
690
709
741
722
700
723
795
748
681
677
717
702
668
686
697
715
690
678
705
696
673
701
746
670
658
678
715
696
713
768
765
713
671
683
697
673
664
689
673
663
686
648
643
712
719
707
738
790
736
713
688
675
688
698
696
687
681
703
674
689
706
685
706
779
783
701
723
690
671
674
676
696
727
706
731
719
808
835
796
786
772
739
750
698
688
699
733
790
761
754
832
915
834
832
803
720
704
813
866
874
814
790
815
813
772
766
766
801
789
751
749
787
805
807
818
750
750
728
718
747
710
759
793
769
796
850
808
795
826
749
742
761
774
802
864
787
762
709
729
742
788
789
749
790
790
751
727
720
729
711
686
701
742
756
721
758
780
830
766
741
729
692
682
664
659
663
653
641
666
724
812
790
695
714
717
749
746
703
669
657
672
699
656
636
681
733
807
757
737
739
777
795
764
762
744
790
813
766
818
866
916
824
855
884
843
771
796
798
851
837
882
976
965
835
827
811
843
834
813
1000
1002
951
840
779
800
805
814
748
743
750
778
785
753
856
1000
941
786
758
788
833
787
774
846
956
940
792
702
653
649
1154
1047
1006
909
810
787
768
770
788
771
749
690
738
787
813
814
788
781
754
698
753
856
935
903
843
770
775
758
763
734
727
777
802
862
849
809
733
688
710
832
966
916
831
780
751
735
709
773
910
1036
889
762
744
820
874
857
828
812
744
692
696
752
913
950
850
778
734
765
815
824
814
846
919
941
815
831
831
783
803
733
711
827
1170
1033
958
839
818
784
749
712
698
762
920
988
909
854
790
735
742
757
829
869
885
786
846
872
847
788
730
719
741
788
761
745
768
810
807
792
737
698
727
740
831
857
818
768
819
873
883
807
815
797
746
747
772
790
768
724
736
778
814
782
764
718
719
748
774
785
762
712
750
784
792
782
732
719
764
790
843
793
734
749
775
767
777
746
789
795
814
790
734
770
847
934
936
818
814
810
830
816
792
806
918
909
887
826
813
836
809
793
858
902
869
816
776
826
851
888
869
767
759
821
973
1039
909
891
872
890
857
781
809
820
854
821
767
835
889
911
854
783
770
825
861
882
820
754
783
802
807
766
769
772
788
790
740
775
785
838
807
771
792
829
823
763
796
805
836
797
770
823
854
880
854
797
828
861
896
860
781
818
855
889
807
768
800
811
859
803
792
859
889
903
820
773
783
792
802
775
741
764
789
785
809
831
833
782
825
814
799
762
785
801
773
773
816
831
839
761
807
823
833
822
790
817
845
850
792
737
765
844
850
826
785
791
795
818
770
787
801
829
833
828
777
723
748
848
868
902
889
795
730
706
696
730
822
1184
1089
1032
1021
959
878
791
756
718
684
663
669
712
746
743
760
847
1067
1047
984
941
854
808
762
714
714
712
827
996
958
877
845
821
799
775
722
702
742
913
1003
961
903
832
780
763
803
825
835
822
839
827
802
744
756
808
938
951
906
813
771
796
926
1012
968
906
807
821
862
863
837
826
797
771
827
889
877
855
822
774
757
814
829
821
821
813
807
825
807
802
780
737
770
904
1033
991
896
820
876
862
881
842
791
852
854
844
812
796
838
870
863
815
854
870
857
812
771
845
900
929
862
854
823
800
767
728
765
807
891
891
807
806
831
848
833
782
767
815
907
916
850
775
795
833
897
840
808
842
854
839
810
855
874
842
770
780
812
853
855
841
874
892
857
838
886
904
852
842
844
854
846
797
839
918
1022
939
810
829
833
852
833
761
812
845
869
865
822
878
915
898
819
798
839
829
772
719
768
907
880
788
806
931
970
984
890
780
728
760
919
1075
1024
914
792
848
890
914
889
816
841
853
882
829
771
796
830
856
858
797
854
935
976
871
913
946
898
824
872
861
859
818
925
1007
955
828
850
855
854
809
890
1009
954
878
913
984
888
891
916
894
848
856
951
996
937
855
835
832
794
793
984
1023
973
959
906
825
805
846
865
877
833
781
859
930
921
844
867
859
807
768
820
848
880
807
835
941
966
893
805
830
861
871
862
805
862
887
783
777
754
784
811
837
780
704
699
707
691
694
692
684
664
649
641
629
620
624
631
648
663
720
710
715
689
675
652
719
1070
967
905
832
762
729
700
706
676
679
670
715
694
714
767
813
851
801
748
743
744
708
671
683
708
731
742
694
715
781
807
843
857
806
776
781
751
745
749
759
754
784
843
862
808
824
861
916
882
876
967
872
846
909
980
873
928
961
886
929
900
825
838
896
823
911
972
914
842
880
896
831
961
970
850
873
918
807
858
895
856
970
957
828
870
873
827
859
871
820
920
881
827
866
894
781
805
805
779
815
817
801
812
851
854
830
861
839
786
806
793
754
785
861
816
860
884
893
806
828
820
836
806
810
842
886
792
805
799
784
781
810
837
812
828
837
851
786
789
796
822
782
829
825
775
765
782
779
746
749
728
685
712
741
838
894
853
888
861
817
853
871
865
882
893
831
913
889
892
842
869
954
883
880
856
833
786
804
894
868
952
981
882
886
930
880
922
847
810
820
848
860
813
788
801
797
800
808
821
771
760
762
768
757
702
729
767
813
768
750
765
790
795
862
818
806
796
809
814
825
756
779
796
818
896
879
813
836
823
773
771
770
743
767
794
851
806
804
826
784
727
697
665
711
850
978
873
840
813
765
775
730
730
720
688
670
653
646
665
753
1012
901
877
870
872
812
827
834
817
883
931
892
834
857
810
751
762
723
742
752
784
834
864
866
785
730
776
874
860
811
803
813
802
845
890
882
926
869
862
851
786
808
818
837
787
851
803
801
795
809
835
801
726
722
728
764
753
789
813
864
824
842
830
827
862
872
827
859
862
952
1009
1105
946
838
841
904
897
935
948
864
880
897
843
865
861
818
761
809
822
844
885
922
856
912
932
833
862
861
856
792
835
854
856
850
875
840
802
886
935
871
824
834
866
842
790
748
752
745
816
872
866
798
801
740
730
703
667
668
664
702
775
784
835
851
854
922
843
815
835
865
862
922
908
835
837
844
837
923
1001
879
846
844
771
811
816
789
775
768
766
782
766
722
713
693
663
673
681
688
654
702
823
916
938
935
818
832
813
764
746
708
694
715
752
880
862
876
854
850
854
793
828
794
772
723
719
748
770
773
761
687
678
647
636
639
644
637
658
695
724
692
854
853
846
817
783
791
769
757
786
786
773
795
809
790
820
881
813
854
870
840
858
879
825
780
773
777
778
731
766
768
743
768
785
786
806
817
799
766
787
802
808
864
899
842
846
840
795
801
788
820
787
816
770
796
812
836
761
785
779
765
727
723