989
879
949
1029
962
1020
1029
955
1038
1099
1015
961
1006
990
878
943
834
734
731
960
988
930
954
926
924
1006
1011
982
1018
990
1042
1092
1089
1078
1087
999
967
1039
962
954
995
929
1070
1091
990
1069
1052
1019
1042
961
964
1021
1036
952
1029
1072
1009
1000
1053
958
973
1009
943
955
1001
958
1026
1005
915
975
1017
966
963
1038
996
1021
1018
1027
1056
996
970
1038
1007
1000
1103
1082
1001
1081
1077
971
1045
1052
954
1054
1053
943
1013
1055
984
1054
1042
947
1024
1049
985
1014
1030
960
1034
1048
986
987
1029
1030
956
1044
1069
993
980
956
898
952
932
957
1038
997
1047
1077
998
972
990
932
915
974
993
896
936
1011
984
905
948
999
979
904
931
925
893
902
948
947
878
918
966
961
899
975
1019
958
970
972
948
882
918
975
963
893
960
993
938
938
976
963
886
910
938
869
877
961
924
878
930
916
859
875
911
854
869
859
795
765
703
691
789
967
912
914
914
863
883
906
883
852
894
972
952
913
995
1026
980
947
993
1005
936
977
1005
965
945
991
1006
933
997
1025
965
1006
1038
982
1016
1066
993
1000
1084
1034
990
1058
1052
972
1020
1051
956
952
990
1009
936
964
1010
994
927
991
1014
978
949
980
1005
934
928
1008
1003
913
938
999
972
935
982
934
932
987
964
940
1033
1021
958
998
1006
936
979
977
915
970
1011
971
980
1041
1005
975
1012
1008
925
924
964
899
913
973
1021
979
981
1016
1012
934
966
976
888
907
953
910
945
1002
937
924
982
993
913
950
980
923
904
847
731
727
805
724
729
852
784
874
933
868
871
842
720
685
694
706
780
748
690
722
736
717
690
646
636
631
624
616
612
617
628
658
632
659
676
690
776
854
854
810
781
745
680
657
656
663
633
630
629
639
630
652
769
854
820
887
911
802
795
767
737
780
896
778
698
757
861
854
840
762
756
804
781
784
836
823
825
840
839
880
856
842
771
737
724
741
707
754
839
965
922
842
836
844
797
798
764
812
802
822
794
807
867
812
889
962
923
916
858
755
784
860
915
888
836
950
987
1018
926
870
907
925
851
879
937
900
956
957
852
906
956
889
905
864
930
832
735
705
791
903
892
869
873
798
790
829
835
881
978
969
906
957
1021
944
823
819
831
811
847
937
958
882
928
972
941
808
802
837
896
827
814
916
929
915
1034
1021
1009
884
778
800
866
881
988
1007
901
893
992
905
875
889
872
799
835
865
845
936
982
917
965
1008
1000
928
911
902
863
855
866
826
802
925
1021
927
900
767
678
628
681
961
1024
1012
930
788
831
828
815
798
825
799
815
780
720
703
687
679
654
668
662
688
641
603
592
592
586
616
687
827
729
747
774
732
702
742
792
762
760
815
897
856
880
852
783
717
739
769
752
887
822
857
960
896
791
824
923
923
910
943
877
823
779
777
714
785
842
781
773
818
765
671
653
654
723
688
688
706
687
659
684
695
733
742
755
744
689
678
676
647
673
699
671
718
690
635
628
623
618
626
644
636
612
581
583
587
600
571
531
532
531
535
541
542
561
554
583
575
567
563
589
638
643
705
798
830
795
761
736
694
640
645
673
742
717
654
707
788
867
814
820
720
655
607
621
774
884
848
787
825
843
746
748
787
814
906
946
903
888
832
813
773
755
810
891
897
831
800
801
776
810
790
739
767
797
774
812
875
861
813
828
815
739
760
802
761
792
802
712
707
698
711
789
864
816
759
688
626
647
684
901
854
763
798
827
823
845
852
869
807
696
652
620
729
876
941
840
791
811
811
802
838
902
879
904
875
756
762
790
862
758
739
771
820
834
964
932
839
878
915
889
873
889
795
772
777
774
855
916
851
921
810
789
789
759
796
942
868
825
828
735
631
624
736
843
919
877
801
811
862
850
804
792
715
782
902
937
900
912
867
831
876
927
930
940
889
816
823
921
948
876
947
945
867
792
840
892
826
905
980
960
868
873
921
813
804
815
811
864
937
978
931
923
871
865
904
855
897
897
802
827
901
887
914
958
942
891
956
908
860
931
870
869
882
923
961
938
929
897
809
870
921
879
953
982
862
877
888
858
876
852
745
771
839
916
879
891
892
916
908
889
868
911
847
758
810
917
894
1021
1031
916
914
927
882
829
778
726
783
864
874
894
894
894
890
896
897
810
781
763
721
778
887
837
891
922
919
925
841
779
779
795
765
789
830
920
860
888
936
887
881
882
813
816
850
833
799
848
915
876
873
900
828
816
821
840
844
932
957
865
930
963
905
966
896
914
929
854
777
767
773
786
849
868
785
834
809
881
801
719
706
754
833
836
833
835
846
845
853
783
691
656
642
787
884
874
817
864
864
843
834
813
717
703
689
778
812
759
737
712
642
612
627
646
695
766
800
706
709
741
780
737
744
738
728
729
742
806
802
737
678
666
678
702
701
731
785
824
854
808
771
728
691
639
646
715
799
762
790
752
657
619
597
586
746
935
1046
967
913
840
845
881
846
836
814
772
735
659
615
591
607
862
995
927
826
856
885
877
752
691
840
891
874
805
854
886
885
911
888
901
834
799
762
709
886
803
818
837
805
801
726
679
697
728
769
837
863
790
878
918
892
861
827
731
666
682
986
984
936
976
946
928
847
857
927
896
960
991
904
1026
1026
943
982
1016
984
988
1036
1060
978
1060
1063
973
1021
1032
1008
949
1034
1021
876
884
801
756
785
748
739
718
677
724
848
813
824
893
915
847
885
899
855
857
979
940
850
823
1012
1090
1035
959
966
981
949
959
986
968
1018
1066
1037
957
1047
1064
979
1050
1081
1048
1066
1033
1115
1080
1021
1102
1082
983
1066
1114
1050
1002
1098
1105
973
1060
1120
1021
1070
1084
1021
1114
1063
1056
1085
1017
1054
983
837
854
1020
984
1012
1064
1018
941
994
1025
1002
990
1065
1054
998
1019
970
975
1056
1024
996
1064
1050
952
985
1000
940
960
1003
943
927
1004
1006
938
1021
1036
948
963
988
938
949
1018
964
927
991
1015
940
970
1043
968
982
1024
966
943
1034
1054
951
974
1003
912
959
956
891
933
979
942
969
1014
959
935
1026
1000
987
1067
1067
975
1048
1051
977
1005
1018
912
923
992
1021
960
1012
1008
926
960
1004
955
907
995
974
944
1037
1063
959
990
979
910
909
984
1004
943
1043
1035
963
981
1044
1033
940
969
1032
956
904
1005
1071
961
1006
1027
941
997
1004
916
956
994
961
908
995
983
918
938
966
892
921
986
931
932
993
984
916
946
977
954
884
953
998
938
877
930
979
920
975
1053
1001
936
986
989
951
1025
1049
968
1044
1057
1019
921
952
995
931
884
875
1036
1083
990
914
934
966
926
896
934
985
976
918
965
1021
961
981
1002
956
997
1037
1006
933
975
1001
945
992
1029
968
970
1007
1004
926
1002
1021
933
987
1038
995
921
990
1014
936
963
1029
943
873
924
961
904
937
986
953
905
950
966
902
929
967
983
912
954
987
966
892
934
1005
983
901
937
982
999
920
951
989
982
923
983
1012
976
902
938
1039
1021
928
967
1006
990
905
949
992
964
1009
1041
1004
922
965
1027
1018
929
962
989
979
915
950
980
916
963
1015
1006
917
977
1037
997
913
917
959
924
856
876
896
864
902
962
905
909
930
955
899
944
1025
1011
916
937
954
971
896
970
1046
998
914
938
990
972
926
972
978
915
922
977
1029
954
971
1023
1033
964
979
1014
1012
926
924
999
952
938
1050
1021
894
795
727
707
700
757
967
902
865
970
1022
991
888
924
968
970
915
1036
1047
956
977
1073
1044
979
1028
1064
1041
1020
1020
944
908
963
993
918
935
940
885
928
984
990
912
976
1039
1039
959
991
1033
1029
942
1009
1052
1072
988
1041
1056
993
944
1016
1005
938
963
1038
1013
922
989
1020
970
917
972
1011
964
903
940
1000
938
966
1042
1029
935
953
1007
1009
939
988
1016
999
1032
1058
1063
987
1006
938
898
966
1019
953
1009
1057
979
997
984
937
943
926
870
947
970
906
903
944
976
904
940
980
937
913
937
946
899
935
979
946
916
935
914
840
857
896
885
859
913
928
878
913
938
888
901
923
922
866
878
949
992
922
976
1039
995
906
926
968
936
1002
1058
982
973
990
981
887
928
980
978
991
1021
1002
981
1026
1058
973
998
1022
953
978
949
886
892
986
996
982
968
923
837
865
895
872
896
849
756
708
700
726
817
870
826
747
759
799
848
767
721
660
613
591
613
637
655
635
607
598
594
588
579
575
574
576
577
574
582
602
616
622
631
624
608
599
604
639
762
691
636
633
633
733
787
776
747
711
677
686
732
773
794
723
692
701
648
602
602
604
610
627
627
618
608
591
574
561
556
554
562
570
555
555
573
670
728
791
799
764
776
867
890
836
898
942
933
806
871
868
863
892
879
762
811
988
940
859
860
872
864
852
927
922
840
852
858
858
783
743
728
694
660
700
940
949
963
870
885
906
863
796
789
815
854
829
836
838
852
805
787
818
893
847
836
843
854
810
791
768
787
730
722
716
678
634
647
652
675
719
727
731
703
684
707
718
724
721
713
753
847
939
840
882
918
925
877
910
921
879
786
781
789
812
763
809
855
929
891
806
793
807
853
791
794
834
875
831
840
824
863
861
859
887
756
706
714
773
830
825
740
713
657
615
621
625
668
765
928
913
935
906
881
889
873
862
808
731
740
706
736
761
692
670
643
626
605
583
566
613
767
780
815
842
837
738
712
667
643
637
629
621
618
614
624
661
710
799
885
900
909
909
897
888
880
782
749
802
878
898
871
861
834
818
839
853
834
807
800
805
758
720
805
939
963
949
935
915
849
839
892
896
780
779
845
902
877
788
799
859
964
886
879
882
870
822
856
911
963
938
879
853
793
798
855
903
866
897
909
844
794
804
833
797
875
957
951
850
868
824
855
884
900
861
834
875
963
958
926
938
940
909
847
883
894
892
821
834
796
812
812
842
806
846
804
756
750
795
810
765
758
718
697
676
665
688
697
713
730
717
704
698
679
695
770
889
927
842
775
803
787
757
796
842
890
881
896
891
836
823
766
751
830
897
923
934
823
792
800
809
790
811
834
897
916
952
939
839
859
887
769
774
743
710
706
756
765
732
714
735
785
771
741
769
856
938
880
855
883
910
851
785
843
1029
1000
878
896
962
955
910
911
942
868
830
871
876
845
837
841
825
840
762
752
752
782
839
902
954
931
884
817
804
806
832
788
813
837
856
842
798
824
899
843