597
637
604
573
575
582
608
714
788
785
752
690
663
669
689
702
668
686
616
603
658
744
727
643
661
710
759
807
827
768
701
719
761
790
796
748
683
632
626
766
878
857
835
815
776
700
635
645
700
710
717
766
779
785
772
779
729
716
742
757
698
629
669
690
675
673
750
822
849
837
819
813
735
702
721
776
828
855
865
830
837
860
852
831
786
718
692
724
829
837
825
837
783
744
754
789
819
820
813
774
740
735
767
802
812
813
790
750
749
775
792
717
682
737
737
706
718
816
864
839
815
789
724
713
753
786
794
761
677
712
758
734
707
748
797
814
818
785
736
736
759
789
799
801
745
746
778
806
799
776
725
720
754
796
818
815
766
758
779
799
784
771
736
764
785
787
779
729
668
685
703
704
668
693
767
832
814
796
705
685
721
772
792
776
703
636
633
638
673
780
839
846
823
756
682
696
738
789
836
820
732
708
741
766
770
740
733
776
791
809
771
719
730
784
806
783
725
747
841
855
842
791
746
790
814
824
817
741
752
775
798
820
782
779
831
861
834
771
778
788
817
805
755
791
823
838
798
739
743
771
811
828
785
719
755
728
645
657
722
692
669
744
823
827
802
727
743
766
777
763
709
740
765
785
765
726
762
780
785
755
738
779
794
792
750
762
788
809
811
753
752
787
814
762
676
676
711
776
813
816
745
738
773
802
813
803
696
651
669
717
770
791
738
767
791
777
742
676
669
626
609
672
750
682
677
780
846
843
809
704
724
758
794
802
726
732
780
835
826
767
770
814
823
822
762
771
797
817
788
715
739
779
816
794
745
774
792
798
756
721
738
773
811
781
719
759
797
815
825
750
739
776
802
808
761
788
810
816
802
739
778
816
836
810
743
768
808
824
800
739
771
795
813
812
730
705
743
812
859
876
839
723
746
763
780
706
743
781
731
700
734
701
678
687
704
716
675
709
721
702
669
692
688
698
694
709
677
678
689
651
642
632
645
660
667
617
620
686
753
770
743
722
691
630
645
667
693
706
664
654
645
662
667
662
642
612
576
570
550
549
573
606
659
729
727
757
665
708
711
705
718
743
741
709
700
698
713
678
704
747
772
718
712
702
737
726
729
760
777
778
738
750
725
733
741
758
750
710
722
745
769
722
747
766
762
743
741
739
758
761
721
724
748
747
743
727
715
689
746
771
768
707
726
731
723
728
702
696
735
781
787
713
729
769
788
771
716
740
756
765
718
729
764
784
753
743
780
788
754
738
746
727
724
681
637
648
658
697
736
752
711
721
732
726
693
731
747
734
726
734
733
730
706
703
738
764
743
727
752
759
704
711
727
729
685
694
743
747
739
680
695
719
729
708
745
771
798
765
779
754
687
632
663
654
701
724
757
666
699
716
695
663
695
721
723
652
646
678
662
700
653
678
709
704
676
642
640
676
697
705
689
689
700
709
699
658
666
665
640
638
627
629
629
606
584
575
629
704
677
680
689
674
720
729
742
719
671
687
695
707
702
736
745
749
704
719
713
726
685
688
703
718
670
690
713
750
734
677
719
727
693
647
683
675
673
657
682
658
639
677
709
700
651
681
690
639
629
611
587
575
564
545
544
562
584
575
570
557
543
545
565
605
594
552
555
583
584
599
618
625
616
591
606
599
602
610
602
608
610
598
616
568
554
562
559
584
607
651
652
615
634
639
668
651
681
707
701
705
678
694
722
734
729
714
701
731
735
708
691
704
752
773
759
732
741
740
713
746
807
795
732
754
771
761
679
735
799
795
737
710
734
749
694
667
698
700
690
659
719
775
768
780
723
637
655
647
677
714
757
763
714
722
729
722
677
657
687
713
707
657
685
691
703
662
625
660
682
716
673
694
727
727
670
675
706
705
707
714
702
685
705
713
711
654
682
683
701
712
689
646
670
667
642
664
648
622
593
570
590
643
677
657
698
716
709
701
743
754
719
661
666
678
715
684
687
694
711
711
661
703
715
727
667
645
654
678
681
654
655
666
652
625
641
655
607
646
686
683
632
653
673
640
633
621
585
599
620
631
588
597
610
627
615
602
572
547
549
544
540
513
511
518
513
498
503
515
533
556
580
580
548
566
580
595
598
563
563
570
599
622
587
605
588
567
585
611
604
597
578
554
548
573
613
641
646
634
604
627
646
670
691
671
631
644
665
681
705
673
690
678
710
726
726
689
686
668
631
649
692
695
681
655
683
724
705
681
700
700
737
711
696
728
737
677
674
704
731
662
664
666
673
646
633
652
698
685
639
671
673
657
690
727
693
633
637
631
660
671
608
633
656
683
678
703
700
662
636
657
662
653
652
686
689
655
666
688
659
693
710
713
663
692
687
672
692
699
715
703
695
724
728
727
653
673
688
663
688
684
694
689
717
721
707
649
658
681
721
654
679
704
674
684
703
703
692
704
734
724
705
702
721
739
759
729
682
732
777
765
736
748
769
729
685
713
734
716
711
684
703
614
608
646
658
698
687
735
743
718
765
801
777
688
714
674
679
732
763
733
757
765
710
693
718
722
715
737
711
752
780
758
774
771
735
717
714
710
655
689
720
739
688
716
729
736
706
693
732
738
731
685
730
741
767
743
732
732
744
678
702
701
706
672
721
742
758
731
683
727
762
779
725
757
760
726
693
699
644
601
629
664
638
683
735
773
785
739
685
694
703
697
654
709
744
751
712
742
775
783
762
740
737
755
724
684
723
756
757
695
718
727
739
697
739
755
758
714
709
726
727
699
672
700
728
716
667
701
723
719
672
688
681
681
651
682
700
710
683
674
697
711
696
650
667
686
695
667
661
686
688
648
623
637
671
677
620
652
667
691
664
675
689
661
657
673
696
675
645
679
692
700
649
673
674
648
621
662
661
700
664
673
706
708
682
671
678
696
678
651
684
674
656
653
672
676
652
683
698
686
655
678
690
671
646
667
683
682
664
677
695
662
630
669
673
619
648
681
685
661
672
659
644
613
643
677
668
637
673
648
659
635
646
628
639
607
627
620
573
589
618
616
661
707
737
718
708
728
715
701
669
668
679
685
687
692
697
656
643
655
696
690
689
702
627
634
647
678
638
630
669
750
739
727
742
746
650
599
621
663
761
758
692
742
738
732
702
725
664
621
592
596
635
622
650
677
682
696
682
696
704
675
634
661
687
708
677
715
677
613
610
667
697
712
751
724
754
793
818
756
745
806
843
849
799
809
829
827
761
813
833
827
768
779
797
783
791
813
811
806
774
811
820
828
801
823
816
816
820
792
808
807
791
712
668
688
779
816
825
784
846
844
831
779
783
785
800
786
766
802
839
840
777
801
830
821
803
793
799
800
791
735
762
803
832
818
710
717
768
789
805
798
817
829
787
789
806
811
799
795
822
814
791
744
784
783
702
713
779
750
762
803
822
819
763
813
837
853
825
768
796
807
832
813
809
822
835
820
812
806
703
717
757
712
767
853
867
861
811
730
745
814
862
887
873
831
782
818
825
843
852
800
837
855
852
841
814
852
854
846
823
763
814
846
838
821
806
844
858
839
796
813
815
825
798
814
847
865
890
844
881
866
853
785
796
834
869
875
785
833
858
855
766
705
706
782
826
842
835
717
690
716
783
882
891
828
744
793
857
855
844
822
791
830
849
850
805
794
810
814
826
797
800
815
821
822
790
815
825
839
834
770
807
825
832
825
762
798
823
820
781
795
813
833
825
777
800
814
822
780
721
764
821
855
849
783
794
813
817
804
787
748
684
700
793
790
839
854
835
786
794
842
854
846
784
744
798
845
851
807
694
716
758
710
762
865
897
875
818
805
835
841
849
840
756
689
704
787
904
904
882
864
837
767
764
783
821
831
840
787
822
835
837
820
781
795
832
836
829
795
676
676
690
694
765
856
861
854
795
832
836
837
802
766
809
833
838
830
768
776
823
852
843
797
752
777
796
808
805
764
798
844
854
855
821
746
751
779
813
815
769
758
786
810
812
773
751
772
769
723
655
681
741
736
695
748
806
804
784
729
765
808
802
753
758
776
785
778
711
667
668
724
796
829
798
844
847
845
761
779
809
831
793
713
755
817
837
814
745
802
848
853
786
759
783
810
813
743
700
729
787
852
871
805
821
848
847
832
787
758
791
811
821
799
776
753
672
682
767
802
795
757
813
864
862
826
795
805
804
822
778
826
860
882
853
801
832
840
854
838
754
807
846
858
817
814
845
844
846
806
814
833
852
869
799
810
822
845
854
803
866
907
910
819
845
873
890
860
796
836
864
862
827
831
876
896
887
793
779
817
863
883
858
864
907
885
885
818
846
850
846
783
779
786
764
669
655
713
719
737
790
839
807
802
837
825
800
752
750
786
820
814
754
794
849
867
831
770
800
807
809
779
757
788
804
823
787
812
775
680
714
792
764
788
838
865
794
809
840
862
854
776
798
821
842
803
748
797
853
864
836
813
846
847
848
780
813
842
848
802
750
774
810
816
767
750
798
835
829
787
792
818
842
827
768
798
842
852
842
780
815
827
843
798
774
850
896
893
853
808
833
841
821
755
794
813
819
802
740
744
791
779
676
694
777
799
738
800
850
840
836
776
723
742
807
856
845
769
779
809
839
851
788
780
811
835
838
799
794
798
824
827
777
806
831
840
834
778
807
844
827
807
757
790
828
839
822
756
795
813
813
747
768
813
822
820
766
780
813
822
803
751
792
828
836
813
754
790
803
817
774
754
792
822
829
779
790
808
835
841
771
804
827
837
823
800
821
839
836
784
798
823
764
689
729
786
728
782
850
861
852
763
776
824
829
851
791
757
811
872
870
800
796
828
892
871
787
794
835
859
876
813
811
844
857
861
789
782
796
842
872
813
809
847
852
845
771
813
848
857
813
759
788
808
797
694
666
701
763
823
856
794
813
839
850
811
766
794
823
844
778
769
799
821
826
762
770
784
807
808
745
771
792
868
848
796
811
820
785
737
794
729
688
822
854
852
820
752
709
668
709
707
725
751
752
725
688
698
673
641
663
678
702
721
738
717
690
652
659
656
679
720
714
727
729
719
719
693
673
682
672
660
637
616
611
586
582
608
649
666
678
670
678
689
705
695
690
693
687
664
687
698
705
665
684
692
715
731
689
726
736
757
732
725
737
733
729
747
739
719
718
718
718
718
683
729
727
709
647
667
689
691
622
594
587
608
639
676
716
707
712
716
708
713
712
713
698
689
668
634
602
597
595
607
649
685
682
616
630
634
660
691
703
726
714
710
701
701
699
694
693
706
702
655
666
680
640
655
692
737
755
745
723
709
663
631
622
620
642
688
704
688
676
653
641
636
607
638
732
724
754
766
781
676
656
645
690
712
694
764
755
707
693
697
659
628
627
587
582
566
575
572
577
572
566
576
568
577
613
655
681
692
699
698
699
698
693
687
678
676
656
627
617
621
653
647
661
646
655
666
710
756
741
648
657
693
729
782
752
789
798
765
802
799
797
750
796
824
806
773
773
796
806
755
765
790
832
789
726
769
785
684
678
762
738
771
837
869
800
847
782
682
686
726
718
772
837
838
800
818
829
844
807
771
785
796
795
766
813
832
813
747
793
812
827
761
796
835
839
798
796
813
810
781
771
801
713
690
684
737
786
826
836
773
835
851
849
793
819
848
854
796
805
831
796
829
841
811
763
796
816
797
760
780
798
792
777
823
853
836
771
813
860
834
752
800
816
813
799
749
784
821
824
760
793
758
739
808
856
800
757
754
760
786
804
810
702
646
675
671
679
747
817
819
801
755
745
790
775
784
788
759
719
660
715
824
832
758
813
852
850
844
759
791
827
830
754
770
827
808
782
743
795
846
827
772
813
812
779
792
779
711
686
657
656
626
640
643
718
771
781
746
748
745
750
662
634
659
724
751
753
785
811
802
772
766
771
777
777
732
746
764
794
784
783
808
809
821
786
802
815
815
767
759
765
753
716
771
728
787
814
798
682
680
771
807
772
796
814
822
793
739
764
767
774
739
781
792
797
761
790
815
790
761
777
803
825
830
828
808
771
756
712
745
782
804
777
803
787
808
810
798
788
709
731
748
756
757
737
691
700
735
753
778
764
757
787
783
737
694
662
719
824
760
796
777
725
783
824
784
813
824
807
769
808
818
787
821
792
803
799
773
699
679
647
629
629
656
727
721
760
782
758
711
705
743
771
788
794
812
816
779
779
789
785
796
797
736
721
698
717
738
736
706
660
633
635
664
727
701
641
668
726
713
756
762
748
743
772
761
742
715
754
793
784
769