1208
1583
1430
1340
1300
1185
1033
1104
1543
1460
1376
1246
1098
1140
1299
1341
1357
1209
1110
1224
1266
1298
1172
1046
1174
1402
1322
1123
1119
1350
1409
1244
1169
1280
1301
1146
1012
1128
1405
1354
1313
1190
1090
1172
1266
1238
1230
1266
1298
1251
1217
1152
1207
1268
1264
1164
1018
1113
1469
1379
1227
1026
1004
1075
1172
1146
993
1037
1271
1382
1208
1052
980
941
1187
1300
1102
1144
1256
1327
1143
1254
1314
1154
1025
1146
1616
1205
1272
1357
1230
1089
1149
1317
1205
1104
1228
1326
1250
1145
1190
1248
1242
1133
1044
1177
1449
1184
1141
1280
1298
1209
1094
1161
1251
1290
1126
1157
1348
1364
1215
1239
1341
1368
1288
1133
1215
1405
1288
1097
1197
1237
1079
1089
1178
1162
1084
1180
1294
1160
1151
1194
1206
1104
1185
1328
1331
1163
1132
1231
1263
1201
1063
1156
1296
1290
1194
1081
1229
1588
1387
1255
1118
1221
1372
1228
1147
1221
1230
1172
1289
1302
1152
1216
1251
1127
989
1011
1599
1353
1134
1193
1419
1298
1097
1171
1227
1231
1106
1348
1368
1329
1140
1104
1286
1509
1205
1242
1300
1299
1125
1191
1404
1213
1205
1229
1104
1010
938
985
1498
1170
1123
1260
1314
1337
1168
1203
1320
1379
1326
1142
1196
1527
1446
1356
1128
1138
1449
1481
1299
1116
1304
1490
1384
1170
1237
1472
1410
1169
1161
1333
1387
1380
1176
1295
1054
1144
1441
1342
1279
1108
1143
1059
1030
1007
1063
1021
1020
1033
1049
951
1035
1203
1202
1051
924
915
1001
945
895
882
905
899
762
980
1029
1298
1354
1320
1272
1240
1221
1180
1101
1103
1148
1153
1194
1053
1128
1325
1332
1188
1090
1202
997
1051
1354
1319
1218
987
933
937
1295
1194
1065
1334
1331
1144
1241
1304
1122
1156
1301
1338
1181
1143
1283
1362
1299
1235
1210
1264
1109
1001
1188
1462
1380
1101
1170
1347
1289
1126
1245
1325
1239
1049
1087
1749
1442
1148
1186
1244
1141
1091
1125
1248
1124
1166
1268
1350
1162
1178
1274
1271
1080
1128
1207
1168
1064
1223
1398
1213
1106
1178
1173
976
956
1248
1160
1143
1372
1264
1057
1110
1239
1125
1134
1392
1354
1192
1163
1272
1251
1100
1100
1188
1203
1118
989
1059
1240
1086
1154
1313
1104
1189
1169
1137
1216
1200
1042
1086
959
902
965
1220
1024
1173
1290
1050
1041
1029
992
925
997
1125
996
1004
1107
1062
967
1000
1051
1056
935
943
1009
1064
1063
1037
929
948
986
894
889
994
1104
1021
967
1010
1088
1010
958
1022
1077
962
984
1068
1116
967
942
1032
1070
936
978
1124
1196
1189
1029
1016
1076
1205
1193
1067
1119
1165
1194
1085
1011
1066
1226
1272
977
925
901
1188
1239
1241
1079
1050
1172
1276
1186
1038
1132
1250
1313
1167
1104
1177
1280
1132
952
953
1137
1445
1312
1127
1179
1250
1228
1058
1043
1154
1273
1246
1063
1049
1137
1260
1230
993
875
868
929
1525
1445
1374
1353
1340
1290
1229
1052
1080
1283
1409
1390
1377
1316
1312
1370
1386
1089
1051
1201
1423
1261
1076
1105
1267
1277
1059
1044
1197
1271
1076
1071
1142
1206
1092
1021
1078
1204
1231
994
980
1082
1221
1016
1015
1185
1332
1139
1144
1289
1368
1143
1120
1294
1375
1156
1182
1344
1250
1109
1213
1329
1156
1123
1236
1238
1062
1087
1184
1147
1035
1143
1355
1186
1203
1250
1104
1069
1151
1267
1185
1054
1133
1253
1181
1064
1157
1295
1226
1045
1069
1340
1246
1125
1333
1346
1143
1144
1233
1168
1042
1146
1301
1348
1160
1197
1328
1352
1172
1141
1219
1168
1070
1212
1359
1193
1229
1301
1117
1114
1230
1259
1104
1146
1271
1214
1089
1192
1203
1047
1013
1245
1281
1140
1057
1168
1290
1094
1139
1262
1159
1092
1230
1251
1083
1151
1169
1021
1114
1317
1181
1102
1218
1301
1108
1107
1150
1122
1043
1264
1426
1199
1272
1313
1177
1198
1071
1063
1412
1102
1372
1329
1269
1223
1033
1013
1029
1157
1215
1102
1006
1022
1034
1021
1081
1149
1100
1180
1095
1122
955
901
1143
1492
1355
1131
1180
1308
1304
1276
1222
1249
1249
1282
1368
1261
1085
1246
1364
1379
1184
1421
1448
1456
1308
1266
1259
1161
1101
1002
1062
1226
1301
1300
1248
1239
1250
1113
1231
1356
1113
1178
1610
1208
1325
1426
1167
1227
1104
1087
1167
1136
1046
1198
1284
1196
1163
1286
1402
1212
1320
1367
1275
1142
1248
1226
1131
1370
1397
1278
1292
1321
1325
1263
1169
1283
1338
1318
1111
1248
1677
1504
1291
1250
1422
1233
1125
1325
1350
1178
1148
1312
1367
1168
1321
1386
1338
1163
1267
1767
1411
1240
1381
1376
1119
1140
1216
1338
1171
1272
1421
1360
1271
1134
1201
1322
1299
1088
1107
1708
1458
1215
1296
1290
1099
1168
1583
1248
1274
1382
1204
1162
1255
1249
1129
1293
1347
1215
1148
1315
1330
1157
1225
1401
1419
1371
1494
1419
1233
1270
1360
1349
1298
1190
1307
1375
1227
1391
1403
1178
1212
1340
1125
1138
1351
1272
1154
1344
1348
1229
1355
1264
1090
1161
1313
1309
1149
1275
1435
1273
1220
1380
1293
1251
1473
1238
1277
1368
1211
1232
1305
1340
1280
1425
1361
1244
1300
1279
1194
1123
1254
1400
1219
1310
1336
1366
1217
1107
1210
1289
1283
1113
1159
1337
1358
1180
1320
1392
1227
1269
1505
1470
1372
1453
1314
1250
1388
1368
1206
1286
1307
1168
1288
1354
1322
1188
1368
1438
1214
1245
1398
1231
1189
1374
1180
1191
1305
1197
1035
1109
1354
1295
1223
1337
1346
1174
1253
1333
1191
1170
1453
1440
1267
1290
1312
1123
1205
1340
1348
1176
1244
1368
1198
1181
1394
1412
1374
1294
1368
1306
1221
1370
1271
1212
1437
1342
1187
1335
1336
1168
1259
1223
1147
1480
1387
1110
1093
1540
1491
1242
1413
1821
1399
1439
1429
1270
1232
1254
1278
1150
1360
1516
1283
1180
1265
1293
1077
1175
1410
1288
1121
1178
1331
1320
1156
1283
1429
1292
1256
1374
1392
1227
1349
1545
1354
1468
1450
1246
1387
1430
1229
1398
1384
1111
1082
1414
1431
1176
1541
1497
1192
1304
1495
1251
1265
1384
1433
1301
1385
1332
1231
1363
1417
1249
1372
1439
1290
1341
1348
1197
1211
1302
1315
1167
1280
1348
1186
1251
1260
1112
1226
1315
1343
1262
1335
1334
1302
1115
1225
1369
1417
1229
1336
1380
1163
1358
1417
1332
1116
1251
1421
1303
1096
1216
1464
1182
1156
1394
1389
1174
1365
1454
1200
1269
1396
1223
1361
1537
1228
1423
1401
1217
1382
1428
1315
1120
1295
1427
1184
1444
1378
1234
1343
1291
1161
1235
1342
1318
1146
1276
1491
1438
1188
1249
1532
1392
1209
1582
1441
1254
1178
1331
1355
1235
1474
1475
1328
1378
1482
1439
1370
1235
1334
1516
1406
1238
1372
1402
1130
1168
1617
1171
1323
1668
1273
1448
1446
1213
1327
1441
1414
1368
1333
1396
1398
1211
1311
1478
1360
1008
890
974
1222
1542
1252
1161
1139
1133
1046
943
878
841
831
807
845
894
906
960
901
907
876
889
867
851
893
1011
1176
1307
1286
1113
1218
1247
1091
1288
1331
1114
1170
1296
1304
1211
1249
1289
1446
1172
1354
1211
1354
1372
1219
1494
1376
1298
1382
1185
1344
1394
1262
1423
1204
1288
1325
1159
1274
1297
1184
1348
1362
1198
1320
1271
1191
1306
1169
1152
1271
1183
1228
1302
1145
1271
1334
1262
1314
1373
1260
1301
1455
1243
1444
1435
1101
1134
1044
1024
1155
1022
1243
1393
1194
1307
1331
1180
1178
1332
1248
1326
1304
1299
1102
1237
1519
1269
1438
1394
1186
1338
1339
1247
1352
1446
1271
1491
1307
1284
1347
1171
1158
1344
1363
1259
1362
1282
1095
1234
1393
1177
1305
1313
1146
1207
1172
1118
1363
1333
1245
1290
1276
1256
1326
1250
1289
1166
1253
1194
1223
1213
1294
1247
1200
1203
1181
1067
1246
1396
1440
1261
1316
1352
1247
1304
1322
1152
1252
1148
1002
1021
1101
1075
970
1037
1176
1086
1030
1125
1053
1106
1216
1236
1116
1230
1348
1188
1362
1426
1185
1361
1353
1119
1220
1241
1198
1576
1196
1332
1357
1158
1292
1232
1053
1153
1212
1130
1228
1061
1104
1142
1220
1093
1136
1235
1113
1072
1010
1042
1085
1112
1087
1006
998
928
919
923
896
959
1070
1258
1038
1122
1068
1179
1214
1137
1087
1054
1071
940
931
1175
1220
1159
1056
1004
1000
1037
1041
1036
888
884
856
921
1443
1067
1143
1236
1288
1197
1256
1230
1152
1102
1022
956
972
997
933
1031
1023
984
999
973
908
966
1129
1106
1076
1166
1294
1221
1124
1053
941
952
1021
960
874
913
1063
1174
1130
1095
964
1002
993
1041
1152
1004
1171
1189
1022
1163
1171
1085
1179
1230
1286
1185
1285
1329
1200
1427
1485
1280
1344
1377
1251
1163
1311
1382
1225
1342
1131
1198
1246
1078
1249
1259
1133
1256
1142
1188
1313
1198
1355
1221
1033
1029
1295
1396
1205
1310
1385
1217
1296
1354
1260
1417
1313
1313
1249
1104
1035
1164
1279
1254
1110
1309
1149
1189
1056
1075
1111
1099
1010
1073
1107
1029
1150
1230
1273
1224
1170
1056
1069
1021
1019
1022
1031
1224
1285
1241
1201
1045
1058
1058
946
892
857
888
916
973
1073
1132
1164
1183
1204
1216
1188
1063
1131
1291
1110
951
1076
993
1102
1408
1217
1144
1227
1256
1043
1186
1378
1233
1131
1253
1276
1180
1358
1247