841
1021
1010
879
948
1027
911
842
903
878
848
862
934
910
838
934
970
865
876
979
948
854
806
889
983
980
937
873
845
904
933
896
904
901
950
904
858
896
886
858
813
787
856
905
857
916
979
907
880
936
905
886
1007
977
846
889
1010
907
977
980
905
942
1014
936
886
958
932
846
902
877
853
868
970
876
872
949
961
890
952
992
954
896
935
952
872
865
917
945
869
857
889
933
789
782
805
835
757
754
776
726
692
749
873
913
871
852
880
905
873
825
810
772
721
697
694
743
800
808
850
898
884
845
872
904
887
842
878
881
874
828
841
886
881
854
829
880
911
911
839
887
908
869
831
858
870
830
810
850
846
823
788
812
876
837
774
767
875
986
910
867
867
944
979
966
931
930
950
905
894
864
938
970
980
946
914
989
963
915
861
918
919
927
888
852
900
900
902
942
1050
884
837
935
1042
893
945
938
830
824
920
949
894
893
951
1023
962
959
960
993
946
909
936
938
895
856
895
956
911
891
914
1001
948
903
916
929
886
855
856
885
897
847
861
923
895
850
883
967
935
879
890
932
930
863
906
938
890
833
817
888
871
854
813
865
902
865
794
753
771
896
937
928
864
896
938
979
930
836
822
888
896
863
820
829
897
916
896
840
863
898
912
860
855
897
912
890
811
788
811
864
854
865
925
944
915
886
941
932
843
840
875
911
866
839
911
902
936
941
978
916
878
900
895
858
854
922
929
845
840
877
919
868
861
919
944
910
832
784
745
789
785
759
767
770
794
734
924
936
896
916
924
918
865
829
814
876
816
761
793
883
896
894
854
809
837
878
893
875
776
753
786
757
813
800
804
765
767
791
808
792
793
773
748
751
809
776
755
738
741
726
747
843
839
787
769
790
795
807
778
755
746
744
729
759
769
796
800
817
838
858
812
841
860
806
771
772
813
864
791
807
808
832
778
767
740
707
725
730
760
813
770
758
790
752
756
748
737
713
715
700
723
705
692
719
805
881
856
846
928
934
829
855
887
828
828
776
740
747
764
766
767
763
795
853
820
778
798
804
759
753
771
743
741
746
776
775
733
705
688
673
705
676
740
868
740
726
757
771
826
804
818
795
859
846
813
867
913
924
865
911
948
843
763
771
785
760
783
821
873
862
764
778
870
873
810
768
767
815
789
742
704
690
726
1002
992
988
847
862
898
910
846
834
820
784
789
796
799
790
905
904
818
829
901
896
842
835
780
769
799
853
918
856
930
970
963
949
902
854
811
806
804
825
875
879
795
827
916
972
903
835
898
914
840
769
767
815
796
813
834
852
818
826
861
926
835
812
888
841
765
730
740
808
755
863
904
911
803
794
729
667
657
692
660
667
629
614
625
669
739
791
801
836
851
823
742
702
692
714
697
725
779
877
888
877
854
801
706
685
722
889
850
794
772
726
747
744
699
1037
978
805
852
983
893
842
891
913
861
893
921
852
804
825
880
892
838
809
883
843
811
925
988
884
892
919
903
843
807
951
981
840
785
887
979
893
949
867
880
969
944
881
914
885
835
885
920
869
880
921
944
854
881
865
847
857
1004
990
786
793
895
942
848
965
1066
992
883
892
822
751
725
711
776
722
711
866
848
761
861
827
791
804
879
856
812
799
798
823
771
740
797
884
873
808
784
909
957
888
851
801
815
800
799
751
733
797
1168
938
908
814
806
753
776
781
795
752
777
878
834
803
761
785
868
775
709
686
688
755
748
766
783
785
799
765
756
748
732
725
676
654
639
710
741
699
696
719
711
687
672
691
721
695
676
744
846
778
705
700
703
713
697
677
677
663
604
617
622
624
614
618
603
605
582
611
609
621
586
618
596
601
578
585
620
612
602
646
635
636
677
672
655
613
644
643
647
604
659
694
728
696
712
760
760
680
673
670
670
629
668
676
713
678
669
648
670
692
711
709
679
626
662
617
698
730
672
668
687
696
721
665
676
630
684
656
670
682
690
659
673
674
727
773
747
695
691
700
671
680
683
748
748
688
667
631
671
625
728
750
856
875
729
701
694
763
896
821
720
656
655
713
759
817
730
789
876
842
727
730
731
731
691
743
814
769
791
729
717
731
845
867
730
751
802
817
731
747
778
752
764
784
743
713
765
861
773
747
784
833
767
731
787
818
754
760
798
781
757
793
795
716
686
665
729
877
736
753
725
773
704
704
697
693
729
721
760
702
728
688
638
690
675
678
703
686
664
679
713
677
700
658
664
711
757
785
719
719
727
719
691
711
787
890
848
768
797
922
780
725
736
798
772
702
705
816
854
717
769
792
768
760
779
754
698
681
706
755
803
703
717
689
725
680
689
665
667
700
661
652
677
688
661
647
678
664
642
600
643
561
620
625
626
582
605
618
672
670
599
587
613
631
649
631
642
657
682
648
603
658
639
612
670
670
692
737
662
632
679
733
699
673
657
739
694
679
676
649
650
733
760
717
714
698
721
733
683
620
617
690
712
733
690
710
730
703
672
678
687
731
749
709
729
753
857
807
716
704
735
777
710
737
751
727
728
727
698
676
730
764
713
720
728
705
666
664
700
699
679
660
678
695
721
681
742
684
666
621
664
671
664
667
695
682
633
709
700
686
674
661
663
636
604
604
624
597
573
576
607
621
602
577
583
624
624
568
567
565
625
630
586
560
563
604
561
558
552
602
577
582
563
606
608
616
662
625
566
589
617
570
552
549
559
609
600
556
566
610
650
648
580
568
581
616
630
577
596
610
640
633
597
667
755
696
612
605
616
577
565
579
565
656
693
713
656
647
679
683
645
598
653
663
695
689
609
620
646
673
657
583
661
683
803
736
697
666
670
669
672
670
687
801
898
760
729
670
651
645
693
820
764
822
855
819
799
769
778
725
748
757
771
756
771
737
726
756
807
825
802
803
809
788
779
731
717
699
720
730
750
757
801
802
785
743
743
729
733
702
715
738
714
683
677
691
746
805
824
789
817
850
867
810
748
742
735
756
768
743
726
706
722
746
750
778
760
778
764
769
714
701
680
668
666
709
788
705
676
713
750
814
814
830
827
867
771
832
865
886
816
838
920
938
927
861
874
1033
926
831
731
729
793
872
858
769
871
1013
927
806
796
832
896
925
893
868
831
912
1010
937
932
1043
1026
943
941
1077
1152
1021
952
961
953
906
960
993
927
908
1001
1016
946
970
1049
934
856
940
1028
856
912
980
894
941
1019
957
947
1036
937
834
920
1020
909
818
1015
1088
1004
886
984
944
873
950
1051
863
856
982
998
936
882
929
967
876
920
982
947
880
933
986
999
940
1011
959
918
919
981
978
876
903
983
896
871
967
957
861
843
917
1035
1002
897
974
1021
1003
906
954
1004
911
855
896
917
817
767
858
1019
900
868
795
756
889
859
878
889
893
825
871
931
823
770
861
980
997
906
869
896
834
785
836
919
864
869
951
991
879
847
877
869
852
827
981
992
908
877
933
946
870
807
784
745
731
781
898
840
849
885
860
822
807
883
908
882
819
871
890
833
834
882
956
874
869
970
848
825
917
913
837
834
892
933
854
906
988
870
844
939
901
841
939
959
869
870
1021
891
842
894
936
877
924
995
916
870
962
965
894
933
952
968
830
840
984
1021
973
890
894
813
779
846
1041
1025
929
959
1049
991
984
907
953
989
963
947
936
1019
992
946
868
896
956
872
807
821
929
976
821
770
776
947
875
861
954
937
891
833
800
760
697
702
875
940
859
829
926
964
905
910
990
979
891
886
994
964
938
858
1007
1041
961
871
915
966
952
889
896
991
931
831
847
1015
1077
1004
944
995
1021
1018
909
852
906
924
900
853
890
944
895
821
758
766
1140
1078
1021
945
865
938
983
964
946
915
885
815
813
885
922
876
831
913
957
889
846
887
915
828
803
870
910
815
820
979
952
878
894
784
733
683
704
1078
1105
1031
937
861
858
888
834
786
874
947
966
954
918
937
958
918
869
832
841
889
879
891
857
860
924
950
866
841
923
967
871
842
906
938
875
833
908
957
887
848
943
943
882
841
952
947
875
924
990
930
822
872
938
861
825
930
928
879
808
888
979
919
878
958
954
818
807
814
870
897
837
813
844
876
835
771
813
954
900
847
854
944
933
924
875
937
937
867
846
866
919
885
829
893
896
913
860
869
867
834
864
995
985
961
849
805
740
697
652
660
775
960
921
853
976
935
879
865
911
890
850
831
856
881
854
850
876
938
958
870
850
912
889
836
877
885
876
839
850
896
872
862
888
934
877
858
916
928
881
900
951
917
832
809
830
848
828
931
1000
918
909
958
928
874
924
949
919
883
960
1029
965
978
974
912
907
930
962
880
950
963
903
872
936
1005
886
921
965
918
857
928
911
793
808
847
854
816
850
979
955
867
885
933
875
832
834
985
925
823
800
862
971
873
844
889
971
902
913
956
912
844
820
870
898
888
819
901
911
881
888
958
919
863
866
888
860
825
907
995
920
851
882
874
840
859
912
862
930
928
866
876
928
870
849
894
852
833
896
933
867
915
902
853
833
928
948
877
854
930
872
786
750
696
671
722
996
985
905
882
999
945
933
996
982
896
930
977
974
870
888
938
903
794
795
874
966
872
880
946
912
873
943
965
911
843
852
903
978
904
805
799
858
910
874
887
958
979
968
970
966
889
929
936
917
886
813
780
788
767
781
763
746
712
691
704
714
731
729
717
715
699
672
663
674
688
671
654
633
612
606
617
656
884
866
794
735
703
701
688
668
654
679
740
764
781
785
786
744
735
733
758
817
841
808
875
904
868
828
783
738
720
711
681
666
668
708
838
742
729
686
686
834
880
835
777
790
779
745
719
742
916
902
828
787
764
772
762
732
718
739
818
878
913
897
835
815
832
877
883
866
885
890
839
778
764
765
812
774
781
875
935
837
818
891
864
817
853
875
811
796
817
858
896
813
838
831
823
785
787
837
772
755
790
867
840
799
866
920
831
828
901
873
806
816
881
872
817
856
868
825
771
737
731
738
749
752
733
769
854
840
810
779
802
805
849
789
795
837
910
857
834
920
907
882
840
878
777
733
729
707
822
860
804
901
900
829
873
880
882
841
832
905
913
886
828
802
771
743
713
683
688
685
706
670
664
694
749
794
805
790
854
852
809
776
805
785
732
716
731
764
803
793
853
924
929
864
877
913
899
871
824
833
890
860
811
813
906
877
782
768
813
804
848
937
876
813
791
841
850
811
760
751
732
717
749
717
725
788
906
852
919
893
846
747
722
697
724
720
732
705
695
643
614
623
604
664
809
758
760
764
755
730
707
697
673
670
676
713
774
725
729
782
836
938
838
928
921
867
895
850
846
873
850
824
806
825
828
816
800
836
853
836
913
858
917
864
928
983
920
880
853
792
813
831
877
813
774
811
814
817
848
910
899
871
880
858
890
889
865
903
935
918
877
943
978
901
824
851
906
871
821
800
861
887
879
826
860
918
792
793
787
817
802
783
820
804
776
745
718
734
809
932
835
880
856
779
728
713
669
648
651
714
758
805
819
865
838
816
743
728
696
714
823
801
843
764
749
708
715
720
741
768
808
832
821
779
735
722
707
729
847
857
836
755
723
692
649
684
740
729
788
757
722
785
864
919
867
825
842
813
758
762
854
962
890
921
1022
971
853
920
952
885
831
801
863
868
892
896
818
787
772
772
772
905
925
907
849
840
833
838
778
753
771
841
833
819