2056
590
3281
1862
536
530
522
520
528
295
2218
718
730
704
1987
590
559
561
573
570
591
621
667
652
640
672
674
272
395
635
645
658
662
639
619
619
638
718
783
787
774
683
666
630
613
587
620
768
792
729
750
771
756
678
671
658
673
740
757
729
678
638
646
666
706
685
691
717
813
832
779
747
740
782
789
753
740
748
798
833
825
759
746
794
831
844
790
773
812
835
824
768
725
665
637
610
619
626
610
616
655
704
722
727
721
661
642
622
638
652
685
695
683
653
637
655
702
751
771
739
746
720
732
717
727
664
679
691
740
768
771
751
732
702
651
627
604
617
681
777
830
821
808
792
744
712
694
687
694
719
732
749
694
714
760
829
802
813
761
694
669
646
644
669
682
722
757
816
811
779
729
674
644
631
648
709
769
791
796
770
754
754
740
726
703
676
694
731
771
772
762
708
707
741
752
778
778
767
756
709
709
696
658
664
755
844
868
815
909
735
720
732
755
756
790
771
771
743
716
693
667
668
707
775
787
778
730
738
730
721
663
641
632
651
1376
695
657
651
625
601
610
640
657
665
665
651
687
808
852
868
854
843
804
757
752
750
874
810
791
712
668
631
651
716
874
942
945
898
885
848
822
813
855
878
839
849
915
929
903
884
844
802
803
819
773
708
722
801
811
842
771
712
715
707
724
720
739
785
801
809
791
757
715
705
730
800
831
815
763
759
762
777
791
807
780
754
753
723
718
722
754
783
785
786
745
733
744
763
777
754
767
778
790
761
741
775
823
838
797
757
735
736
759
790
782
736
717
721
755
797
776
734
716
729
734
752
735
737
728
752
779
787
763
736
736
753
789
783
766
773
716
749
754
771
778
794
830
861
890
1621
697
666
653
664
712
859
885
854
832
827
836
782
754
755
769
789
783
740
734
739
750
782
766
739
740
718
729
707
697
714
735
745
738
750
741
758
760
732
734
738
764
778
760
736
748
746
741
724
722
712
718
718
751
778
774
715
696
688
691
710
742
760
770
705
688
694
731
755
731
717
719
756
767
770
744
727
714
718
732
762
731
721
741
775
802
746
715
694
668
646
641
660
711
710
737
747
749
756
721
715
690
708
713
744
754
733
738
758
775
739
709
696
707
717
729
721
727
748
781
773
749
732
729
744
771
750
748
773
779
728
720
730
765
797
825
798
772
754
760
775
821
793
778
737
710
722
741
746
767
838
884
884
842
801
736
741
756
769
787
775
713
690
702
746
773
737
725
713
718
723
718
700
692
651
634
619
650
723
716
690
694
733
765
772
788
779
737
708
708
730
749
785
792
749
722
729
754
789
822
815
776
779
776
783
788
767
739
717
755
803
859
858
827
783
742
734
759
808
839
827
787
776
795
812
832
796
759
738
745
758
786
813
777
756
762
781
811
802
772
747
728
755
789
831
856
843
789
745
735
758
794
830
834
773
740
713
707
760
794
813
823
792
742
706
705
729
757
759
757
753
779
797
810
801
773
730
708
699
724
743
798
839
814
781
762
776
791
796
789
754
716
729
736
778
799
815
789
746
712
721
735
780
824
825
808
768
766
772
798
809
808
786
748
730
756
786
811
818
787
748
751
763
789
794
742
715
706
738
796
835
832
803
747
712
714
727
760
769
753
727
746
775
792
781
740
722
714
730
745
728
711
730
742
770
738
717
715
734
767
782
734
703
684
677
718
748
747
733
713
727
759
765
774
745
722
711
707
719
745
758
776
740
731
712
717
737
765
766
724
697
674
678
707
759
780
758
732
721
762
787
807
783
742
704
684
699
718
744
773
771
746
742
768
771
791
770
734
706
687
700
746
810
805
790
770
718
687
655
653
688
766
815
827
824
778
753
745
762
791
794
753
719
727
744
791
792
752
718
708
721
740
771
730
721
700
722
747
781
804
792
775
708
687
667
683
772
840
857
813
766
762
772
772
737
698
679
694
717
736
714
701
680
699
729
750
757
725
691
678
680
707
744
779
769
727
712
718
739
773
798
771
739
706
708
728
762
812
799
752
738
770
773
793
788
744
722
713
738
754
771
770
751
721
724
734
773
755
727
700
714
743
797
790
753
716
709
729
758
774
757
715
688
689
702
728
729
740
702
679
658
649
688
771
799
806
795
777
711
671
646
646
678
744
789
803
779
729
707
712
743
761
772
779
760
706
669
651
658
709
775
813
812
773
733
725
737
772
770
725
694
677
700
742
730
719
726
744
786
781
742
725
743
757
746
738
706
729
772
817
826
803
739
713
722
760
783
803
776
738
709
719
739
771
779
748
716
688
697
716
742
747
730
728
761
796
805
765
727
727
724
743
744
712
700
688
708
764
800
804
744
720
708
725
761
794
743
709
693
708
760
841
855
805
751
727
730
738
759
751
706
684
671
664
697
748
780
755
722
721
737
777
789
777
746
697
668
646
656
692
779
804
806
775
735
695
681
684
708
736
750
719
711
718
733
748
713
702
707
706
701
684
673
664
675
704
728
711
711
694
709
729
748
745
740
705
699
709
733
742
763
743
729
716
715
725
742
746
748
731
695
671
671
685
738
792
812
792
738
708
688
685
710
738
756
752
724
689
671
662
698
736
795
783
746
714
694
688
705
754
777
774
760
722
689
676
692
763
838
858
834
782
766
764
778
771
776
729
688
666
661
697
770
813
821
799
740
706
691
704
742
762
756
740
708
688
670
654
660
694
764
765
763
756
755
707
679
664
681
740
796
818
792
750
716
706
716
743
758
744
732
703
692
694
724
767
804
820
787
740
720
716
723
746
767
763
729
709
712
730
752
761
729
703
681
669
679
692
707
707
696
668
659
652
680
726
764
769
756
716
684
663
660
693
733
763
773
742
717
679
681
701
728
757
766
743
713
681
665
680
727
776
795
813
786
752
715
689
672
688
713
749
756
731
701
679
673
683
704
730
726
702
688
671
684
704
716
712
688
676
658
652
663
681
707
724
721
702
678
659
649
654
679
734
753
754
728
699
680
679
692
707
716
722
701
660
640
628
637
675
751
784
766
736
707
705
725
745
758
766
747
693
675
660
670
741
810
813
810
781
740
697
675
678
698
734
762
770
748
709
688
679
691
719
737
755
731
698
679
678
693
725
739
717
699
676
676
692
723
743
733
715
704
727
757
774
741
720
696
695
724
729
731
710
688
681
697
738
784
771
742
720
732
754
764
768
731
688
663
649
667
722
793
821
817
774
722
697
694
711
743
766
745
707
685
688
708
749
766
763
737
722
730
753
759
768
752
724
713
719
759
799
828
845
812
767
734
729
743
766
784
780
767
744
706
696
741
769
747
712
670
653
648
627
614
595
584
574
570
573
578
584
590
601
617
640
641
640
641
618
612
607
619
642
695
717
702
765
821
840
799
770
747
720
702
684
642
605
592
581
583
623
745
792
842
855
854
830
802
825
785
771
746
743
785
833
850
827
799
775
740
714
719
750
795
798
763
757
810
808
799
791
801
768
724
719
752
814
831
809
772
788
816
805
755
754
778
822
801
756
697
661
641
633
637
619
636
664
729
763
757
716
724
724
698
692
672
642
615
597
582
591
612
630
635
685
718
724
735
699
668
644
632
642
663
678
687
679
662
672
700
754
768
762
706
704
705
718
739
755
732
749
732
715
708
663
613
614
633
833
856
853
843
842
784
708
667
653
694
720
721
716
768
809
810
826
769
721
732
757
813
870
839
861
738
692
685
739
757
811
810
853
938
896
900
876
854
823
768
712
688
687
731
869
901
863
821
730
677
653
654
672
681
688
707
677
646
645
646
701
745
808
813
813
802
762
733
719
704
699
718
735
736
711
731
732
740
759
839
895
915
857
744
704
701
684
673
645
658
711
778
819
816
803
791
812
835
865
876
860
803
729
695
712
776
833
865
826
805
792
789
787
799
774
702
691
734
860
889
878
844
810
762
717
693
653
631
614
613
617
688
882
855
822
789
707
688
695
695
703
721
719
713
698
681
652
614
601
591
628
854
835
814
748
678
665
681
718
763
769
748
779
776
769
732
722
752
810
870
875
869
847
826
775
729
756
879
930
883
851
852
786
738
708
697
701
732
763
771
770
732
705
706
737
769
785
740
688
660
658
670
694
722
721
720
684
654
631
611
601
606
652
746
769
731
809
863
865
858
828
793
698
660
644
670
748
778
785
768
747
723
680
672
696
741
750
795
841
833
813
775
756
735
720
710
708
730
787
885
874
856
830
765
727
739
687
666
639
647
683
748
787
788
770
757
749
732
736
740
726
731
756
798
832
755
691
659
683
744
750
759
772
816
832
840
784
738
679
654
661
688
717
668
670
698
790
871
888
870
840
822
790
745
678
654
632
621
628
646
641
652
628
620
620
637
681
733
758
748
726
707
684
656
640
640
637
652
660
703
784
851
825
812
806
804
752
729
704
676
662
663
652
644
642
650
700
854
912
877
878
877
860
857
792
766
773
861
920
901
874
834
784
737
674
641
640
646
685
708
768
737
682
655
658
672
693
701
698
685
670
674
684
717
737
751
774
812
838
830
821
799
752
735
760
794
815
813
794
772
717
673
658
678
758
828
1078