985
1070
996
1014
1033
959
960
880
859
889
959
893
898
903
939
881
889
946
941
982
986
977
923
864
845
850
842
834
801
880
983
1027
1032
927
881
903
866
827
850
1127
1075
1088
956
954
913
890
874
836
905
994
1011
1083
921
983
929
858
839
842
865
928
895
899
918
891
835
813
797
839
854
860
845
811
774
785
821
925
954
1024
1042
962
975
975
934
878
835
802
776
803
875
1063
1095
1061
1022
1039
976
906
867
827
793
771
745
764
819
926
992
1048
1043
988
983
978
938
895
863
863
872
876
877
838
823
869
922
916
944
872
863
849
845
857
857
861
945
928
869
930
999
994
855
825
837
867
922
954
937
914
846
854
836
836
896
879
908
941
957
910
942
928
887
896
899
874
906
917
974
979
990
959
934
840
841
847
879
956
1026
1060
1004
996
1004
976
940
913
898
884
875
888
907
906
849
904
988
988
1034
1018
1026
1000
1001
1012
996
990
997
985
1013
990
915
896
908
977
1018
999
936
900
869
839
835
857
876
989
953
936
946
957
953
920
896
861
817
862
928
1063
1046
1127
1090
1064
1006
959
941
910
928
953
991
929
915
976
1042
1073
1084
910
854
853
996
1139
1127
1172
1108
1035
995
961
918
960
1012
1082
1143
1143
1085
1025
995
976
952
1020
1048
1033
896
857
810
777
778
803
852
874
888
878
855
849
866
932
988
997
1022
1093
1118
1034
1058
1019
1096
947
967
988
945
919
931
961
1027
934
939
930
900
866
913
952
1008
1013
1082
1074
1055
980
958
924
880
873
896
895
927
938
1015
978
977
982
894
935
956
947
968
1007
961
1008
1018
950
922
909
892
905
912
967
914
881
898
889
868
838
802
770
760
751
775
819
985
1113
1009
971
1005
1016
957
938
947
971
960
956
914
958
979
977
945
921
869
854
867
929
919
973
1019
1042
969
938
912
927
998
985
970
1053
1089
884
827
819
856
871
972
979
995
1021
944
932
938
927
907
953
948
876
923
959
863
799
773
775
854
1054
1032
1078
1035
997
959
945
898
838
850
883
904
887
869
867
913
893
886
860
890
922
961
1001
989
1021
1018
958
993
1050
1128
1053
1004
996
861
798
753
729
714
712
705
716
715
709
701
708
715
738
728
738
727
716
718
727
750
785
771
806
799
771
757
749
736
720
699
707
701
703
714
719
729
736
838
844
857
845
794
785
745
760
773
825
867
850
886
883
857
821
821
829
899
895
882
859
799
761
749
751
792
810
812
779
765
783
820
826
855
870
857
893
921
846
821
833
819
851
835
842
894
846
828
823
789
816
815
826
790
793
768
787
777
821
793
802
796
790
794
800
768
741
727
729
737
739
729
724
755
788
1000
1050
984
950
959
976
967
1042
1060
1091
1036
1050
1105
1102
1106
1056
1075
1101
1092
1044
1036
1039
1025
961
1013
992
1035
964
1021
1079
1013
962
953
961
928
935
920
970
979
996
1016
971
989
1038
1022
982
1006
1048
1026
1035
1055
995
970
968
941
942
963
964
919
938
937
928
921
889
919
945
960
913
903
905
924
892
857
882
869
965
1070
1075
992
962
923
873
853
868
920
963
1043
1075
1037
990
972
979
930
947
990
1020
1007
1014
1002
929
926
923
909
855
839
836
810
797
939
920
918
939
933
849
808
793
817
889
979
962
1014
1068
1031
980
929
935
951
949
979
932
942
955
945
871
861
890
925
886
849
878
912
975
964
994
960
887
873
882
930
907
958
945
1018
975
900
854
829
811
906
986
1057
1047
972
960
1001
955
928
959
958
985
996
1025
1055
1062
1021
1006
1089
1097
1045
1021
991
1031
1003
1059
1176
1073
987
1004
1004
979
948
955
978
971
914
917
923
934
896
883
868
841
830
816
858
945
1062
1003
951
936
929
914
910
908
896
871
868
860
867
896
899
882
871
906
932
878
854
839
836
837
867
844
855
894
940
910
868
862
883
892
898
839
811
785
778
839
947
1017
1003
975
946
923
903
876
855
862
879
896
890
925
923
896
843
792
769
837
925
892
934
952
985
938
888
900
906
896
829
825
823
884
880
851
902
948
876
829
836
879
863
870
894
894
878
874
915
929
988
985
971
953
871
820
829
949
1008
971
952
938
956
961
885
827
791
761
780
893
999
1145
1133
1100
1032
989
961
923
908
880
889
910
946
924
890
831
816
810
802
835
884
943
894
863
896
876
884
858
813
795
790
793
785
752
783
921
916
900
900
884
848
806
788
793
843
937
941
935
910
908
877
816
820
878
936
902
902
939
983
1020
962
967
952
907
891
872
838
833
822
834
852
892
875
843
813
789
771
764
747
736
740
746
811
897
927
916
970
973
971
961
963
987
991
963
966
969
968
993
986
974
912
855
844
886
939
1014
962
908
895
905
899
845
812
801
797
784
756
729
720
745
788
846
874
924
886
891
887
901
873
810
787
777
815
855
867
855
895
944
979
956
942
933
913
901
952
944
951
961
919
928
948
991
933
875
835
818
870
972
1025
995
1000
1012
967
876
848
850
878
862
910
960
1007
999
962
971
984
996
1014
977
965
999
1029
993
1006
974
958
930
910
1018
1051
1016
1007
995
990
997
956
936
896
864
860
837
813
844
876
910
910
873
865
818
779
750
724
710
710
713
721
753
853
887
909
947
959
962
936
867
828
841
901
942
1014
1063
1091
1048
1064
1054
1061
1042
1087
1104
1106
1052
1040
1033
999
946
915
971
1066
1004
956
959
950
915
870
830
801
769
755
738
766
833
852
903
979
968
857
811
786
810
801
797
793
849
953
988
954
950
943
937
940
936
941
1020
997
940
891
959
1066
1103
1053
1091
1060
1005
951
949
914
870
854
876
912
877
889
891
945
928
901
915
909
880
843
849
857
890
898
913
968
996
969
925
938
956
937
878
846
830
950
1050
1039
977
986
969
934
911
905
909
924
915
896
890
946
938
917
937
952
923
944
944
945
967
944
932
902
896
952
1044
1095
1075
1067
1054
1007
942
916
931
971
959
984
1021
1024
977
922
866
850
847
818
854
1075
1017
899
868
874
836
828
818
784
769
755
746
733
725
715
711
702
696
695
705
772
879
914
865
854
902
949
944
854
790
778
790
796
861
881
970
1063
1025
936
857
824
826
832
879
892
846
806
804
801
843
907
933
917
924
929
935
929
937
955
958
949
872
870
908
939
962
950
963
963
928
911
884
898
885
921
929
933
872
820
796
794
814
918
1021
1084
1043
1031
1048
1014
988
956
915
944
1017
1076
1101
1047
1019
980
944
908
917
957
990
940
940
922
931
967
1014
1238
1131
1061
1062
1034
952
919
924
884
909
1001
1040
987
990
991
938
948
901
923
901
938
938
920
891
867
832
804
801
795
800
820
833
819
856
864
918
906
984
986
1017
1040
1042
998
976
947
979
1025
1033
1069
1030
995
989
983
977
963
1024
1031
1040
1011
974
992
973
954
987
987
969
1010
972
921
885
932
949
963
965
1015
995
973
916
889
883
922
940
998
1023
1026
967
929
953
970
934
981
933
906
921
932
904
888
864
858
843
826
813
833
803
777
863
870
851
824
811
764
752
740
732
746
760
772
780
778
764
762
750
756
789
890
894
902
976
967
946
931
873
832
827
841
838
895
884
861
853
903
996
1017
989
895
869
843
835
879
917
914
867
874
858
841
858
851
874
891
861
821
786
779
797
821
867
936
912
867
820
789
750
743
740
764
803
824
819
847
896
905
885
900
898
888
804
775
789
783
846
897
929
1022
1061
1058
955
910
881
842
809
814
804
784
825
828
858
846
805
826
904
889
856
863
915
975
979
958
929
911
864
852
829
850
870
874
905
938
967
975
938
869
872
901
946
962
918
921
918
883
887
893
924
952
928
947
895
884
897
996
960
933
904
861
876
877
894
925
992
927
895
848
890
908
886
897
871
850
814
782
787
764
765
812
826
882
880
960
996
1017
1049
1051
999
989
967
912
878
883
914
946
883
870
935
922
954
962
917
877
874
863
886
918
969
1041
979
990
995
972
1009
1031
1007
991
924
916
879
856
875
932
897
884
927
960
962
947
921
884
814
822
818
838
864
833
872
906
900
865
839
812
799
783
806
907
965
1022
1018
998
898
867
856
854
845
848
843
853
904
942
972
954
910
851
820
819
884
1026
1045
1012
1010
1005
986
896
877
850
855
831
838
885
915
862
890
911
930
934
921
864
877
884
920
899
925
990
1026
1010
979
945
902
848
840
836
879
932
1000
1039
1079
980
972
962
1013
1018
978
945
903
869
836
803
784
898
985
1087
1131
1057
999
893
896
883
908
910
902
865
831
804
777
761
762
742
732
712
692
688
689
720
834
921
1016
939
841
759
744
713
709
728
744
773
811
843
887
888
879
903
913
942
964
1025
1118
1128
1003
975
974
993
891
875
879
910
923
889
896
861
851
832
827
793
803
867
958
1011
997
1072
1054
1012
998
1004
984
954
935
963
988
1029
1029
965
952
891
851
841
802
772
742
743
733
758
794
795
776
762
738
725
704
707
721
785
980
987
1047
1104
1093
1034
991
916
851
832
843
906
974
925
912
1088
1061
988
911
891
913
949
931
874
906
959
1014
1024
958
982
973
968
938
929
866
882
902
900
896
883
858
847
848
855
854
882
891
903
895
937
941
932
899
877
868
863
847
827
815
805
832
853
850
873
860
884
902
903
883
858
843
830
805
805
834
822
862
961
993
908
1022
1095
1022
968
986
1009
1073
1098