474
933
457
452
449
456
479
493
504
529
563
558
535
513
502
492
491
492
491
494
496
493
499
504
509
512
514
521
527
525
524
526
521
520
521
518
511
501
494
490
485
488
505
537
574
589
587
573
559
546
551
571
623
623
594
571
559
556
548
540
534
533
537
536
525
519
519
525
538
548
551
538
535
533
538
534
532
536
541
549
556
557
553
542
532
530
535
547
566
563
568
566
576
571
556
549
541
542
541
539
537
532
521
522
516
511
508
498
499
495
497
492
501
496
492
494
503
516
524
542
564
610
613
593
586
582
601
608
583
571
560
557
543
544
537
539
540
542
542
541
537
531
527
521
511
504
499
501
508
542
708
706
675
627
613
604
608
611
604
583
570
562
550
542
539
537
532
531
528
529
528
536
541
548
541
536
530
525
519
510
507
507
505
502
503
508
507
508
506
502
494
494
494
504
534
575
579
567
566
575
573
554
541
535
534
532
533
529
524
518
512
506
501
493
493
486
490
497
508
523
543
540
528
521
518
510
510
502
500
495
487
487
484
487
503
526
551
547
552
571
577
568
566
579
610
638
607
589
577
578
573
569
554
554
547
545
537
533
527
529
538
553
559
557
552
545
537
527
523
522
523
528
538
544
551
547
544
536
530
523
518
511
500
496
496
507
532
549
556
590
593
600
590
586
573
558
531
526
521
519
523
528
537
545
542
533
533
534
546
567
572
565
558
550
556
548
542
543
535
533
542
556
601
601
592
574
580
576
555
545
537
532
529
522
516
513
515
539
654
755
730
676
643
643
659
680
652
623
611
615
630
633
605
601
586
581
583
578
568
570
573
586
579
584
588
594
595
596
580
567
548
539
534
542
551
562
573
600
642
652
621
624
618
605
590
585
587
588
582
565
563
565
574
573
571
570
576
593
606
593
599
601
598
577
561
555
548
554
563
571
575
568
555
545
544
544
548
552
546
552
551
564
575
563
538
533
524
525
528
543
568
583
606
607
625
637
608
604
583
578
571
560
554
554
550
538
539
542
560
602
618
617
614
633
630
614
587
576
572
578
581
585
579
570
567
563
561
555
539
545
552
573
653
815
739
667
638
607
576
550
527
533
529
534
541
550
555
555
555
551
553
554
552
549
547
549
555
569
589
581
579
573
564
562
566
582
609
621
612
608
602
604
607
602
592
578
569
564
553
553
560
560
553
558
572
592
600
598
587
582
576
568
564
558
555
558
562
573
590
613
657
698
724
724
685
655
642
640
640
633
616
602
589
579
566
551
541
530
517
521
520
536
565
596
620
650
644
637
626
622
608
604
595
583
584
593
617
652
637
627
612
603
590
566
558
560
585
654
735
729
692
668
650
634
606
592
594
621
665
691
688
664
672
670
688
669
647
625
619
620
613
604
590
579
570
565
568
565
563
556
550
544
554
571
574
571
563
545
542
533
534
534
542
550
558
563
563
566
565
551
542
541
531
525
526
532
552
582
607
612
599
588
591
592
580
571
565
556
543
534
530
536
556
595
605
609
632
658
689
646
605
584
586
603
615
635
641
634
615
592
577
564
556
547
542
539
538
535
537
543
539
546
559
577
598
584
569
570
595
678
717
721
648
621
612
620
645
647
627
613
604
597
587
593
599
617
632
628
612
594
577
564
554
547
541
536
533
535
532
536
550
570
562
544
533
530
544
568
563
561
582
606
643
626
619
612
620
624
604
594
595
603
619
618
603
602
605
612
618
603
601
604
608
593
584
583
590
601
608
596
579
575
576
579
580
572
585
589
604
590
586
584
593
597
592
590
590
599
591
595
605
630
646
642
631
588
577
573
582
593
613
619
638
619
599
595
600
605
604
595
581
577
578
587
594
600
611
608
618
619
604
601
593
595
594
572
560
563
567
588
586
581
585
591
582
577
571
582
584
588
586
555
544
533
524
525
522
522
524
515
516
517
525
553
623
670
673
667
636
609
599
608
636
647
640
612
590
579
576
594
615
634
638
611
602
609
626
648
637
604
594
574
559
563
577
587
575
577
598
642
647
628
610
600
600
600
597
600
582
585
596
600
621
626
642
612
594
584
591
589
593
588
591
574
564
561
572
607
687
703
671
643
633
600
593
581
581
574
562
557
559
555
558
553
531
518
512
514
515
528
573
611
622
623
629
609
599
577
560
553
542
535
534
534
539
550
551
556
560
561
558
544
541
547
563
581
602
609
603
590
575
565
550
542
533
529
525
524
530
538
546
539
532
544
568
639
720
740
744
718
695
670
637
605
583
583
592
597
591
585
578
567
556
551
546
543
538
521
522
525
560
604
645
661
663
628
629
670
700
693
646
624
608
625
641
636
626
603
597
608
627
638
624
615
612
642
681
653
665
651
643
630
622
597
575
575
581
616
620
634
617
604
572
565
563
572
594
622
614
628
647
681
686
680
642
611
615
627
645
628
609
599
595
597
598
586
573
569
570
563
560
560
571
575
594
599
586
596
619
660
655
626
623
614
625
616
594
572
563
585
637
679
645
630
634
657
691
665
647
635
635
635
615
599
599
615
646
662
629
623
639
688
695
653
644
642
648
633
607
603
609
640
660
626
632
621
630
618
598
600
606
642
665
658
635
611
614
629
647
647
613
604
593
598
605
593
601
590
597
612
604
618
629
662
656
622
600
593
605
615
635
611
608
604
611
614
601
600
620
624
604
584
577
581
605
629
621
618
617
635
646
631
597
590
595
602
596
589
595
620
633
629
606
610
627
647
660
633
617
606
607
604
583
582
588
610
626
629
612
613
618
626
626
609
604
608
626
644
653
634
623
624
643
662
679
658
641
636
642
656
653
623
622
618
641
650
630
633
640
636
622
620
615
622
604
600
604
625
655
636
618
618
649
670
649
630
621
624
638
644
643
626
599
595
594
620
657
673
646
635
627
644
655
637
623
621
635
660
665
639
634
630
646
671
645
607
594
597
631
664
685
685
645
612
600
606
633
651
647
623
621
616
630
633
613
596
588
594
606
610
593
587
594
616
646
655
624
618
608
619
617
597
590
586
596
603
600
589
588
596
616
636
644
624
601
598
600
616
630
623
622
628
638
660
659
633
617
614
622
633
635
603
604
601
607
619
610
602
612
627
658
683
647
627
606
592
576
568
555
558
573
594
604
600
592
606
642
681
689
648
636
629
638
640
632
598
570
564
573
604
668
734
771
754
724
674
639
621
615
623
635
646
645
638
646
668
691
697
697
688
652
644
640
649
660
646
634
641
656
686
684
651
656
651
679
701
658
636
624
633
651
649
627
633
636
653
660
633
630
627
636
639
623
617
613
626
638
624
632
641
659
677
645
649
645
648
642
620
617
622
638
646
626
638
638
657
653
652
667
698
731
700
693
691
682
695
686
654
653
653
677
680
647
611
592
587
613
673
707
730
723
709
689
674
663
625
605
596
608
634
654
654
630
628
628
641
640
620
621
615
623
631
635
615
625
626
637
647
622
634
628
634
612
615
618
668
697
675
666
670
681
682
639
629
622
636
643
622
636
637
663
663
637
636
634
649
656
639
633
629
634
635
620
629
627
648
670
674
658
669
685
698
704
679
651
646
651
671
688
663
676
679
704
711
671
664
666
683
677
646
638
634
646
656
646
639
648
660
680
670
648
649
648
673
672
646
642
650
667
642
646
651
678
686
655
627
620
619
640
655
639
640
640
665
673
623
606
607
624
657
667
648
650
663
677
656
648
637
639
632
608
608
611
627
636
624
626
625
636
633
607
607
604
612
619
600
610
611
611
596
586
582
577
591
614
656
677
640
639
637
656
673
640
642
645
665
675
653
656
668
717
752
692
668
667
692
734
739
703
710
722
717
682
634
623
630
681
731
714
688
704
717
727
674
659
649
659
683
684
667
664
688
753
776
761
691
662
667
677
691
692
657
629
626
634
671
698
678
651
644
660
704
725
722
666
660
659
670
682
657
635
631
646
680
703
670
667
674
705
708
675
651
646
651
668
670
646
626
627
641
679
695
659
669
678
695
687
657
651
654
664
657
637
639
648
656
656
632
639
650
682
700
674
661
662
672
665
636
638
636
668
695
662
655
664
689
697
661
642
637
648
671
685
657
649
647
651
664
644
628
628
630
645
647
632
647
673
726
746
701
687
677
681
679
654
658
657
673
675
671
682
700
707
660
663
666
679
678
650
648
652
664
681
656
645
653
688
707
696
674
682
696
702
674
668
664
684
707
676
657
657
671
705
711
671
646
642
653
680
690
671
639
635
645
680
709
729
680
649
652
665
707
731
702
686
683
682
675
645
635
636
656
687
665
664
669
687
689
663
638
634
646
666
672
648
629
634
647
672
683
657
634
635
647
662
654
617
621
617
629
649
643
619
630
643
667
676
659
644
641
650
646
618
619
619
633
663
653
643
639
650
645
618
626
629
637
618
627
634
656
675
661
660
662
675
676
650
653
652
656
659
656
640
643
655
686
733
735
696
697
698
702
677
682
682
698
711
668
637
617
609
629
672
725
751
774
801
738
683
661
654
647
635
617
606
627
709
925
855
813
758
700
704
720
735
743
709
685
681
688
733
753
755
735
695
688
701
727
768
762
716
711
722
741
760
708
689
681
684
697
676
655
675
712
764
756
697
676
676
693
728
729
690
677
676
692
720
728
688
698
710
717
713
673
686
695
703
721
666
661
655
666
651
663
686
731
745
736
674
664
654
662
671
643
640
639
661
681
652
651
661
688
688
666
647
648
647
653
639
646
623
594
563
576
584
599
560
540
553
557
570
583
582
570
566
563
566
569
561
563
563
564
556
552
548
544
545
555
568
581
596
604
606
585
596
602
630
647
610
618
617
624
607
580
578
581
583
582
577
600
635
687
692
688
673
653
622
619
642
673
689
696
668
646
642
653
698
720
688
662
662
693
739
731
693
683
679
678
658
632
634
653
692
698
646
631
622
632
629
621
630
630
665
672
636
647
665
694
703
692
667
669
681
690
664
654
655
675
678
671
689
718
745
713
715
718
730
692
672
672
699
780
788
726
704
697
702
708
703
680
690
682
698
672
674
699
707
692
716
754
742
699
679
664
636
621
603
597
595
590
606
631
651
638
631
608
614
609
618
632
628
616
593
574
569
567
581
590
617
653
668
668
641
613
606
617
619
626
640
671
688
706
713
687
674
665
631
602
581
585
606
621
628
628
673
655
658
672
692
730
742
711
678
688
705
729
681
680
696
735
758
721
735
733
717
680
612
605
577
573
570
581
674
772
724
757
879
896
891
906
858
853
811
790
769
750
795
869
922
863
750
713
695
688
707
749
852
936
930
833
845
840
822
834
867
874
803
823
843
795
774
796
871
926
815
761
792
890
912
846
771
765
792
854
852
776
779
799
832
761
773
815
879
850
763
789
797
817
734
726
685
674
698
724
752
756
754
729
702
679
660
630
629
638
662
678
686
673
662
636
629
630
641
642
643
618
623
643
678
695
723
702
651
630
639
670
707
728
728
705
684
686
684
713
733
732
766
831
939
888
881
769
754
741
768
760
736
720
705
688
655
638
623
646
727
807
802
836
823
828
777
698
664
655
682
753
838
896
944
908
786
767
767
827
846
828
809
781
736
710
683
674
666
676
705
716
718
672
652
647
659
641
648
618
631
620
657
684
788
840
886
946
966
930
802
745
752
724
708
759
855
787
745
776
847
825
772
697
694
679
673
649
650
647
654
635
642
638
635
638
635
639
646
640
628
646
668
699
720
734
729
702
674
660
678
697
729
742
731
753
730
728
706
692
677
665
658
618
608
622
660
784
782
741
724
694
642
642
636
667
697
734
746
678
658
695
770
805
782
838
903
902
892
840
795
706
708
694
725
754
763
689
715
768
954
964
958
955
842
750
795
1105
965
836
910
968
883
836
889
905
817
823
840
746
769
756
753
743
736
691
690
692
710
749
758
723
685
708
764
814
756
806
885
981
828
740
692
659
714
846
950
965
898
857
807
753
730
716
696
674
672
658
675
674
682
684
650
651
664
707
763
722
706
740
789
807
875
935
900
808
728
729
748
797
782
771
759
770
755
746
736
720
705
692
683
616
598
592
604
646
828
826
777
787
912
1021
837
774
787
774
871
983
794
722
728
765
773
729
759
768
707
726
723
755
767
755
755
725
712
699
658
654
672
693
699
735
764
772
800
843
734
737
735
715
749
748
820
804
789
812
790
773
765
741
671
643
618
656
797
933
948
944
820
795
805
797
714
709
714
738
760
748
722
743
775
840
783
800
887
908
907
928
848
768
791
840
780
820
883
887
850
828
819
778
765
748
748
741
750
753
747
707
664
645
643
655
727
733
739
793
930
963
830
856
865
777
783
784
749
755
770
828
787
765
766
767
751
734
718
705
692
688
691
690
656
661
699
785
806
778
775
788
792
786
738
720
732
755
762
813
858
886
796
758
737
709
674
657
653
653
665
674
691
672
672
694
679
661
707
814
792
742
803
856
885
842
773
701
697
693
713
724
697
682
664
800
966
1013
941
898
832
763
754
759
777
805