560
551
539
537
536
530
529
533
539
540
559
602
624
602
587
562
556
536
521
518
509
505
500
494
497
506
520
519
523
524
527
528
530
531
531
519
516
518
532
556
584
614
633
617
591
562
562
559
547
547
540
534
527
525
522
525
532
531
549
576
645
713
685
724
730
738
688
639
602
577
570
548
558
558
550
547
548
545
543
543
544
550
557
578
578
600
606
606
592
580
566
557
544
538
534
531
527
529
536
532
544
572
632
644
712
654
640
617
587
565
559
554
555
565
578
595
604
599
593
578
574
571
577
582
580
574
574
582
579
572
575
569
568
568
573
574
564
583
575
584
587
578
584
582
573
561
569
574
591
590
613
617
614
616
603
601
599
597
585
586
598
610
614
617
602
607
594
578
580
587
599
611
623
631
614
596
598
599
621
622
618
619
615
599
595
577
563
547
538
536
533
528
527
523
521
519
519
516
521
530
542
557
564
571
567
559
578
587
593
590
576
576
578
577
573
575
572
567
566
558
551
545
538
539
540
529
533
531
536
543
548
551
541
537
535
532
533
528
530
525
521
522
518
516
521
525
528
535
533
545
549
549
543
529
517
521
521
534
541
572
599
594
592
591
563
532
523
514
504
524
591
830
844
885
913
910
857
796
705
643
621
604
597
604
607
599
589
570
562
555
561
578
595
609
606
605
587
575
549
553
548
546
541
535
527
520
510
504
497
494
494
496
503
520
546
648
724
731
692
667
605
565
553
545
544
548
546
547
541
536
529
524
520
509
504
498
495
492
487
487
482
479
491
532
616
652
702
684
641
615
578
599
621
584
557
533
526
515
505
500
498
490
487
488
500
513
531
534
525
505
506
496
492
487
483
482
495
524
574
663
670
668
629
610
587
572
553
538
532
525
520
520
523
532
547
564
570
579
585
586
583
580
569
564
565
565
560
553
551
548
548
542
541
547
563
564
551
548
546
543
537
536
534
536
538
544
545
556
574
619
663
664
640
617
588
560
548
545
539
541
534
543
571
612
620
605
610
596
577
582
572
576
570
572
577
561
561
556
545
536
530
521
521
523
534
535
560
568
576
579
574
568
560
557
551
540
531
523
522
519
518
518
517
524
531
543
556
569
569
570
571
560
553
545
537
536
534
535
537
538
538
549
562
570
554
553
556
549
557
557
570
582
592
619
630
604
601
582
577
568
566
557
551
545
536
533
529
527
529
529
544
570
609
634
625
627
589
572
590
618
600
574
597
616
605
584
579
569
564
562
568
586
577
599
627
598
565
574
591
608
624
632
636
616
599
642
635
626
598
596
577
601
663
595
568
577
612
678
683
668
668
640
631
595
569
564
558
556
559
575
577
579
588
591
588
585
586
586
588
602
604
614
614
601
590
598
600
597
592
597
606
580
599
600
606
611
621
628
626
623
609
601
580
586
581
592
600
597
590
604
604
611
622
630
631
627
620
624
610
594
576
586
584
587
596
595
581
582
589
598
630
675
673
626
637
631
628
622
604
581
582
574
574
569
572
590
610
644
683
692
684
652
624
589
591
582
580
577
575
579
571
592
602
639
671
661
637
616
598
591
573
562
570
573
588
607
644
651
639
623
605
590
582
572
569
564
551
563
560
563
580
590
596
582
581
579
577
576
582
583
581
581
576
570
588
641
676
675
642
618
607
626
616
607
594
587
580
570
564
564
561
553
555
562
568
580
583
578
603
591
601
606
608
597
591
598
596
596
592
587
586
587
588
588
587
579
567
561
567
568
584
589
610
629
625
604
569
560
559
560
558
562
573
584
588
586
573
576
574
577
578
576
574
570
570
567
560
545
535
538
544
555
566
570
578
586
596
604
580
580
587
589
591
594
593
580
567
573
574
584
592
608
605
586
604
593
596
600
592
595
600
596
602
601
609
594
573
562
556
553
557
724
764
720
688
664
624
613
611
605
584
584
575
568
566
563
553
545
540
536
536
540
542
542
547
558
586
604
613
610
585
570
563
557
552
546
546
543
546
556
571
582
589
602
607
605
602
592
578
571
567
564
563
564
572
571
569
560
576
578
618
661
669
661
629
624
601
575
576
572
569
567
567
558
568
564
571
584
598
599
603
603
599
594
572
578
571
571
566
554
567
564
566
579
586
584
563
573
566
576
586
589
570
563
563
563
565
569
566
557
558
554
546
540
526
521
521
516
519
520
523
528
533
538
550
546
546
551
557
563
558
560
561
573
584
587
591
586
578
578
575
571
565
557
557
560
564
570
585
572
556
563
554
563
564
565
565
556
550
555
552
553
560
565
571
564
573
562
557
576
577
588
612
608
594
574
571
565
562
559
563
560
562
559
552
554
546
541
548
542
553
560
556
552
552
551
549
553
545
544
535
536
533
532
530
527
521
518
521
518
521
528
528
537
541
547
558
577
586
578
575
568
576
583
584
583
576
576
565
560
556
545
538
540
543
554
579
609
615
604
595
569
565
564
563
566
565
569
574
574
569
555
564
565
577
590
600
601
590
569
559
571
569
593
616
628
629
592
577
563
572
571
577
590
603
604
605
581
565
562
559
563
593
651
666
621
632
622
637
642
632
613
580
573
563
576
573
596
611
628
617
607
589
564
554
547
553
552
569
592
627
633
627
618
598
588
584
588
587
582
571
559
565
562
563
563
562
563
558
550
538
541
537
542
562
586
619
642
621
612
606
604
612
600
577
581
589
607
634
658
662
649
611
582
578
578
571
576
595
610
602
594
590
580
575
578
578
583
590
599
591
574
561
549
540
544
559
563
562
556
561
565
593
613
610
594
587
582
578
572
562
566
564
568
579
579
570
562
551
552
549
557
563
563
570
571
580
582
571
561
559
557
560
557
548
553
551
561
562
572
573
581
589
591
594
582
567
562
553
549
551
553
561
570
572
581
590
591
594
566
554
550
537
535
538
536
538
545
543
556
574
613
681
701
686
670
633
631
611
599
589
581
562
572
560
560
552
547
553
551
558
565
582
582
585
583
561
570
568
565
571
581
576
577
560
576
574
572
571
557
557
560
557
558
557
558
563
554
572
574
581
586
575
562
580
580
591
588
570
578
580
587
600
609
608
582
585
587
587
587
597
610
613
611
600
604
603
604
617
607
577
572
570
568
578
603
635
639
635
640
648
644
652
649
644
603
603
582
575
575
575
571
561
556
564
563
579
612
640
613
619
620
638
638
604
598
599
598
608
612
587
582
589
584
590
596
581
598
599
608
605
593
604
599
592
575
594
586
588
586
581
594
599
616
601
596
595
584
570
563
565
561
567
564
556
560
567
575
588
588
582
591
584
586
580
578
571
557
558
554
552
556
565
578
559
552
554
560
589
596
608
622
616
586
593
596
601
613
612
583
591
585
587
578
559
563
566
571
597
615
623
597
614
598
603
604
575
579
584
581
593
595
584
593
585
583
579
563
571
568
589
600
591
595
605
613
619
594
600
588
585
571
556
547
541
533
524
524
520
513
503
508
529
563
632
681
713
705
685
665
642
603
570
567
559
560
563
549
546
549
547
551
556
553
539
537
537
534
535
539
542
537
529
527
526
524
524
535
540
539
548
548
551
554
568
564
561
558
548
557
560
567
575
570
575
580
602
626
624
610
601
603
613
626
639
637
624
617
612
603
607
596
597
580
597
591
597
603
606
603
598
598
598
593
599
594
572
567
573
575
597
626
631
631
596
588
586
584
590
587
597
588
575
597
598
616
629
626
604
597
605
605
607
614
592
581
595
591
599
604
596
568
569
572
576
585
585
593
596
604
606
595
579
600
595
601
606
588
585
590
592
596
606
614
602
623
624
629
628
625
614
604
604
617
630
638
639
642
662
671
663
620
601
614
606
615
597
589
607
610
633
659
641
642
614
585
559
542
549
558
563
581
648
666
646
609
577
574
547
532
523
520
517
515
518
519
524
525
519
518
513
509
507
506
515
520
531
551
578
586
571
543
549
556
549
545
540
541
533
534
535
530
532
535
542
554
554
585
647
728
744
734
724
689
661
633
605
597
602
607
607
604
604
609
621
642
658
657
634
618
601
576
564
547
538
533
532
533
532
531
538
549
559
557
554
551
548
550
552
554
563
574
570
554
551
551
552
555
546
546
553
583
590
581
577
578
566
555
540
549
535
535
551
572
576
600
596
580
566
558
553
551
549
551
560
563
568
560
558
545
552
550
550
556
564
574
571
563
565
561
559
555
554
551
557
567
565
590
598
629
631
615
589
585
605
595
593
600
593
587
583
584
583
577
561
587
623
649
664
684
652
645
627
625
619
592
566
559
545
542
533
522
518
518
515
517
529
545
553
589
675
714
709
709
666
633
602
579
564
557
550
551
547
552
569
586
588
621
653
694
683
678
666
635
613
611
602
586
576
579
583
574
593
600
601
600
584
577
586
603
630
640
642
624
622
599
587
577
579
581
616
688
764
756
753
731
717
710
710
651
648
644
641
623
594
577
587
611
621
628
625
591
586
571
557
553
543
540
541
555
581
631
690
682
708
687
688
667
638
608
598
590
588
596
583
600
636
689
682
666
739
721
702
695
675
645
653
637
638
649
617
609
614
646
657
615
604
592
593
594
591
608
594
579
576
583
592
581
570
564
558
554
538
538
541
549
586
703
783
765
746
714
661
621
624
638
669
648
700
674
704
720
728
688
676
646
627
617
607
586
572