504
418
458
460
461
467
470
468
469
467
469
472
471
470
472
472
469
470
470
467
467
467
465
463
463
462
463
461
462
462
461
458
459
459
923
463
464
464
464
462
465
468
471
473
473
473
471
467
463
460
459
459
458
457
454
457
462
470
474
476
482
487
490
488
486
485
486
487
487
486
485
481
480
480
483
486
485
484
484
485
486
490
493
493
493
495
495
492
491
483
493
483
483
479
473
469
467
469
467
467
467
470
472
477
479
482
480
477
474
476
479
481
481
481
479
481
488
503
518
525
533
529
520
514
511
509
1010
501
496
493
489
991
495
496
493
488
489
486
486
500
526
549
550
548
537
535
528
524
517
513
507
502
496
492
486
484
481
480
485
493
507
523
528
524
518
510
518
524
528
527
521
520
515
514
511
507
502
497
493
491
488
489
489
489
487
488
492
492
491
490
489
485
480
478
478
483
505
530
540
547
561
570
559
548
542
533
526
521
515
511
507
506
507
511
514
521
522
521
520
519
1029
511
509
511
513
521
535
544
534
527
534
538
539
538
532
528
526
524
522
521
520
516
512
506
503
501
502
502
506
505
509
519
525
532
535
539
534
536
536
542
549
555
554
551
543
536
528
517
515
510
509
515
526
534
527
521
518
518
508
503
498
493
489
487
483
481
480
483
494
510
529
541
554
546
540
527
521
514
507
500
496
490
486
486
488
493
504
509
519
538
567
598
614
605
600
584
1148
562
551
543
529
521
510
505
495
495
501
501
509
510
521
534
551
556
557
556
543
534
528
524
523
521
519
515
510
506
2153
1544
3307
481
487
495
513
540
541
559
553
546
539
535
531
529
526
524
524
523
519
514
505
500
502
503
512
518
507
514
514
522
521
517
509
503
999
997
495
496
498
503
501
500
490
491
488
486
487
489
484
485
484
481
483
998
526
552
564
574
561
541
538
543
541
534
530
524
519
515
510
509
510
1555
289
376
5119
507
504
501
498
495
495
494
497
496
499
502
511
519
528
532
540
537
531
527
520
517
513
506
502
501
498
497
495
499
1497
721
308
690
1359
334
3373
387
2774
1867
4713
1564
509
515
523
535
273
268
297
745
510
511
508
510
509
514
511
514
521
513
517
1031
513
513
519
526
525
524
519
519
518
1026
506
498
993
930
1282
358
442
1565
3973
526
520
1014
500
492
491
493
495
499
505
512
525
546
563
569
570
563
556
547
539
532
523
514
508
503
504
513
532
549
570
589
590
590
694
477
576
566
559
551
543
536
531
529
529
526
522
517
504
504
2705
545
551
554
564
579
569
563
556
547
541
532
525
521
1035
532
550
576
597
608
604
356
2962
2240
377
320
4460
1133
561
556
546
2566
499
497
490
495
507
543
604
656
643
645
627
460
720
556
542
1081
543
547
557
556
549
542
537
530
521
507
500
490
485
488
489
490
492
493
495
499
511
531
546
562
582
591
581
556
554
561
564
566
569
561
556
547
536
526
524
533
552
572
576
566
576
588
595
587
587
593
593
590
581
580
574
571
567
563
552
550
547
551
560
558
560
555
560
570
672
3387
1763
1339
642
646
658
643
646
640
641
628
609
599
574
561
560
557
560
562
570
581
600
626
649
667
668
635
614
604
598
588
589
590
581
568
556
552
557
1087
534
542
538
538
539
535
539
537
537
535
534
1061
528
536
546
557
562
561
555
544
533
524
521
1040
518
520
528
533
535
541
541
528
524
518
519
519
522
524
536
545
549
548
556
562
573
576
574
573
569
566
563
555
551
555
567
576
593
597
596
580
576
568
570
576
584
598
603
598
583
565
566
558
564
568
571
579
578
584
576
565
553
549
550
554
548
542
538
535
531
536
552
583
636
679
713
698
677
663
642
618
594
577
568
563
561
560
562
560
557
551
549
549
547
544
539
529
521
517
515
513
515
515
1036
517
2277
588
584
575
1149
578
583
581
569
540
3065
253
5331
527
529
533
540
550
561
578
590
592
600
594
589
593
582
576
563
556
551
557
569
590
598
414
706
431
772
310
2813
571
632
400
1193
2827
1199
4357
348
471
2945
2351
2310
529
513
514
514
511
509
507
383
388
2341
2111
651
636
643
645
648
643
642
631
623
622
616
1205
602
590
586
577
564
558
1107
550
557
570
576
586
592
590
1183
591
587
586
588
582
584
579
573
573
576
578
576
574
578
577
581
581
595
605
1811
269
315
518
704
537
896
1507
4464
1026
508
519
1105
616
406
878
1056
290
493
348
477
1964
4037
562
560
568
290
1412
548
539
534
528
2279
595
597
589
590
581
262
315
576
569
566
555
550
546
1081
2252
485
967
1976
524
514
545
450
1436
3401
1188
2252
4114
535
524
530
532
533
541
544
548
553
555
552
546
538
537
538
539
542
540
537
533
539
536
533
539
550
1136
701
464
3217
1107
298
2160
520
522
522
515
515
516
519
530
540
560
582
604
603
589
590
589
588
586
1118
575
1524
4383
565
564
560
558
556
556
554
558
570
579
585
595
605
369
1438
573
586
587
590
588
582
577
572
567
562
557
551
454
646
1104
553
332
772
1890
3883
3641
729
979
1441
293
486
357
308
488
462
3980
396
2871
336
551
551
554
557
556
563
577
285
6636
556
547
543
1104
568
591
609
621
644
642
641
626
606
596
584
5434
545
1101
557
557
441
476
523
2651
1361
516
5207
557
553
546
518
771
3593
4425
613
605
599
595
592
1191
592
623
2857
1105
551
545
546
550
552
554
555
3266
415
753
470
5943
571
1130
1028
1059
523
521
521
521
517
514
1531
502
495
490
490
494
506
526
532
531
534
541
553
581
632
711
727
725
700
683
651
615
596
578
566
554
547
537
530
528
531
542
557
562
564
541
548
554
572
578
573
560
553
553
549
547
547
549
548
553
562
570
582
592
600
610
619
612
603
600
594
591
579
1146
563
556
549
546
545
550
558
567
572
572
570
566
563
1111
549
543
535
533
532
537
544
549
544
550
552
556
559
560
563
562
563
556
555
1130
575
581
588
592
592
595
594
598
590
579
570
567
565
563
565
564
569
571
583
591
604
611
604
593
1174
579
582
580
582
581
585
583
586
579
582
582
588
580
1671
4147
525
527
535
540
544
535
542
536
535
532
526
521
1538
509
509
513
517
269
833
595
1269
659
638
623
595
576
1087
521
517
523
532
545
543
551
561
564
550
539
601
985
522
519
509
507
505
503
510
514
517
519
526
531
1094
569
583
597
600
597
596
594
584
576
565
554
547
540
532
524
514
507
503
507
520
528
537
549
558
564
577
583
583
584
587
588
600
606
605
604
601
587
579
568
568
563
560
558
561
558
563
577
583
596
615
623
621
1225
598
583
569
556
529
545
519
514
509
505
499
498
494
352
658
1110
660
3088
1717
596
592
562
1649
939
716
537
530
526
529
527
529
524
516
519
509
501
494
490
492
500
511
513
507
513
521
529
533
535
541
531
523
522
521
522
524
521
527
530
537
563
576
1210
606
602
600
588
576
561
554
554
557
555
561
561
563
559
556
557
560
571
401
271
273
507
312
602
594
581
575
567
561
560
555
555
551
1121
258
609
700
1762
555
549
557
1107
540
530
521
513
510
516
493
334
662
497
500
508
519
519
367
727
577
603
617
616
604
592
585
571
565
560
552
549
544
544
549
557
569
1297
290
742
1354
479
2337
396
301
1464
818
423
359
768
597
1514
4690
515
518
510
505
498
490
485
487
501
522
533
535
534
532
529
524
518
668
1688
1083
5404
2456
377
1146
3328
558
1152
534
575
586
586
576
556
551
543
541
532
529
528
530
543
554
1172
613
629
626
499
680
567
567
561
1127
1126
570
559
543
539
544
552
1141
854
309
578
568
560
552
546
538
533
537
552
1144
598
614
604
595
568
564
1118
540
529
524
526
525
526
526
529
534
551
568
586
615
656
692
702
688
660
646
632
617
612
599
587
580
573
564
548
538
529
524
525
535
554
581
608
622
637
626
615
603
597
594
590
586
580
573
567
557
560
562
559
554
554
552
557
561
572
586
615
640
652
630
606
593
593
589
585
581
579
572
563
565
550
537
943
484
646
531
588
663
691
698
521
1486
616
592
578
567
559
562
559
558
559
553
549
543
538
1108
571
519
1272
2462
2111
3622
572
565
563
563
558
558
555
558
551
548
557
560
567
576
584
584
589
575
573
563
557
551
551
556
567
583
591
614
632
580
765
663
649
635
532
696
596
584
571
591
579
590
601
611
1203
490
669
569
561
547
542
546
544
538
534
536
525
522
523
525
531
532
541
528
531
531
534
718
957
274
512
654
5361
521
518
509
504
505
511
521
531
548
549
1092
541
532
1054
728
329
537
545
555
563
550