623
695
681
655
655
665
692
705
665
670
639
626
599
613
618
688
688
659
681
650
654
617
617
604
643
682
647
657
627
581
590
616
593
580
564
600
606
670
639
625
591
579
563
597
618
614
634
640
639
620
593
576
569
560
544
534
556
577
574
575
591
619
633
611
599
593
663
735
711
716
677
604
579
572
578
587
588
587
571
545
532
553
574
601
624
616
594
578
583
553
557
577
576
563
538
528
523
531
575
597
645
613
572
544
524
512
517
538
576
569
589
602
634
635
611
602
602
586
586
592
620
682
727
744
750
726
713
668
668
642
632
593
604
640
658
643
643
654
671
663
640
648
630
670
700
705
693
647
612
588
582
584
579
584
590
582
665
678
674
620
627
615
613
534
642
584
619
610
588
610
612
634
642
631
616
597
603
613
608
615
607
604
597
635
657
660
653
614
611
620
640
696
694
661
675
723
739
704
696
715
715
689
649
651
638
629
680
669
699
675
673
652
636
616
617
646
677
660
643
616
600
592
576
568
561
549
551
555
593
587
571
542
533
535
539
540
558
590
601
599
586
591
592
611
609
599
589
576
559
547
535
532
552
589
625
648
651
657
646
618
593
587
594
602
609
586
606
618
641
604
646
625
619
642
685
772
763
714
652
605
584
570
564
608
688
748
733
690
629
619
629
621
618
622
639
605
616
605
607
617
588
634
711
751
739
694
703
683
636
604
614
626
621
632
636
641
667
709
731
719
791
771
733
741
695
660
626
605
582
593
608
606
605
603
595
591
606
623
655
735
772
768
774
753
721
671
651
622
600
588
585
599
572
597
630
675
741
728
698
681
642
640
624
597
616
622
628
657
677
703
692
674
655
640
642
633
612
605
587
573
566
604
665
649
644
627
613
625
649
711
755
747
683
672
644
634
615
629
637
677
622
632
641
646
643
623
613
606
600
591
572
550
539
533
532
539
568
590
606
614
601
596
603
597
593
597
586
586
568
559
545
544
550
563
578
592
617
627
622
605
575
569
545
541
548
551
564
560
561
554
572
578
585
582
574
559
537
524
521
512
505
500
531
591
644
698
721
692
706
670
638
579
554
559
570
566
590
630
732
730
688
669
692
682
654
641
614
581
554
530
510
495
496
488
513
520
583
708
665
721
688
696
668
653
636
607
583
563
576
599
632
642
641
614
601
598
588
575
584
576
562
563
570
621
732
762
725
733
712
681
634
585
573
572
616
628
661
665
713
737
738
719
685
671
658
653
715
759
777
781
778
748
713
695
680
686
693
693
693
700
735
770
757
744
758
771
760
771
739
745
747
740
741
715
701
697
753
793
795
790
791
813
757
758
729
726
731
720
722
755
775
773
765
780
742
740
714
696
694
695
727
694
685
672
699
772
803
789
783
740
701
663
646
636
669
782
784
741
705
688
689
707
719
727
717
658
610
626
605
664
749
783
782
730
728
717
726
700
704
669
661
661
705
761
796
752
736
739
712
714
693
646
625
635
675
738
753
705
690
683
670
647
613
574
563
570
577
630
696
744
748
727
668
650
615
613
633
714
765
707
692
665
655
673
707
746
753
677
665
629
615
620
639
676
711
706
708
687
686
681
730
733
746
735
722
712
680
665
634
635
692
746
768
745
727
688
664
620
612
634
701
766
806
792
768
761
757
794
796
774
738
709
684
644
625
646
725
739
738
697
695
702
704
741
747
720
657
595
582
597
611
649
747
766
788
807
794
748
679
647
620
632
660
712
716
717
673
654
655
654
678
690
729
768
796
764
744
704
663
625
601
593
614
637
710
671
662
642
601
582
570
562
578
612
686
733
737
720
705
657
624
599
585
589
627
699
741
775
811
769
744
673
626
604
589
605
632
685
708
731
726
688
669
658
670
718
727
728
701
698
705
738
753
760
726
709
701
716
730
728
721
695
679
673
689
715
736
736
710
692
670
661
689
703
711
701
708
684
679
693
716
779
786
783
707
685
656
649
661
697
706
719
713
705
681
667
664
674
707
734
744
755
710
657
604
589
586
580
582
581
594
626
686
729
762
760
705
677
654
637
637
688
770
780
779
750
736
747
737
699
665
657
698
777
784
759
786
807
791
742
742
739
736
709
713
700
685
681
655
663
672
695
726
688
692
717
689
666
667
633
604
570
575
582
597
638
689
730
704
656
613
606
596
600
594
604
623
642
673
729
752
769
746
738
729
675
653
633
647
699
750
748
767
737
714
688
668
655
656
690
743
762
737
695
671
658
669
693
712
733
739
694
684
688
671
709
724
695
671
640
625
615
645
686
770
780
743
729
731
722
739
718
714
689
674
656
635
643
635
658
704
724
752
747
708
702
676
647
620
593
588
586
609
657
665
649
615
611
617
627
621
638
671
674
682
692
665
654
655
672
716
788
804
808
751
717
698
690
701
659
634
604
592
595
635
695
798
788
848
777
760
740
758
766
757
698
680
677
693
708
729
701
649
622
599
594
610
662
690
698
663
660
651
652
641
612
579
578
580
580
580
585
611
655
658
646
639
630
629
643
626
628
634
628
614
623
625
643
651
664
666
667
657
638
608
576
563
553
556
559
564
620
692
706
719
693
683
633
621
582
558
563
580
594
619
637
643
680
694
678
640
600
572
577
576
591
622
667
694
715
695
671
648
636
655
691
713
738
722
683
654
634
619
607
595
611
629
623
610
605
634
672
723
732
713
723
716
735
743
720
709
680
648
622
586
568
567
571
588
632
695
705
728
727
698
681
665
642
633
631
635
646
711
779
787
812
799
768
731
670
643
625
621
629
641
675
701
736
754
751
756
747
722
682
657
641
630
662
701
714
737
760
774
754
691
667
643
625
647
683
718
710
712
670
666
646
642
639
653
674
679
695
691
689
680
667
664
646
643
623
601
573
550
552
592
645
723
733
695
789
822
827
815
743
666
653
655
666
691
743
775
748
746
720
656
646
652
634
652
653
634
629
625
640
634
637
621
639
621
622
630
655
649
675
658
634
636
633
632
669
682
693
697
658
648
644
640
632
645
690
731
722
678
665
660
640
604
579
557
563
578
572
552
564
577
597
622
657
684
696
656
642
620
615
633
653
668
659
672
666
662
686
682
662
661
671
693
707
711
704
675
639
621
606
602
619
666
690
686
665
660
659
683
674
638
599
569
575
578
579
583
582
583
576
582
560
587
607
614
618
630
644
658
683
680
666
632
609
600
616
669
730
763
746
736
731
724
701
715
713
690
675
648
605
588
569
568
608
752
767
762
833
787
753
799
814
804
746
720
715
734
742
745
735
707
671
661
653
700
762
805
814
796
765
721
676
652
644
655
692
714
738
780
748
716
666
629
609
577
554
537
529
531
534
531
535
531
521
514
512
513
524
553
610
673
671
716
767
781
749
718
676
623
594
578
580
564
564
570
572
569
578
582
605
615
616
609
595
574
562
551
545
544
534
523
516
513
513
517
520
523
544
547
547
562
552
552
547
544
537
527
520
511
506
500
505
503
508
539
572
599
625
639
654
647
648
627
647
633
621
614
602
594
583
579
562
576
588
625
646
675
666
644
612
589
579
563
553
550
544
542
550
564
566
570
578
582
612
615
611
613
613
609
613
603
592
598
651
748
746
738
830
799
733
690
646
627
605
588
574
572
604
656
658
655
628
635
647
663
661
612
590
587
590
582
579
571
573
571
599
620
668
697
684
675
648
630
611
588
576
562
554
553
549
566
600
628
654
671
669
643
637
615
604
590
584
573
564
564
571
595
604
634
630
656
667
671
670
676
644
622
612
591
587
592
593
611
617
615
612
594
586
580
580
575
574
580
594
618
625
622
611
599
587
574
563
561
570
567
561
603
654
689
698
727
704
704
700
686
655
608
602
626
626
657
651
688
724
729
685
660
653
635
642
646
646
646
639
665
660
657
653
675
668
664
647
641
635
619
613
594
591
568
561
555
562
575
593
606
607
614
590
616
632
637
637
637
652
666
679
668
667
639
601
626
624
633
666
707
709
660
614
604
603
624
655
655
640
624
623
620
633
624
632
625
612
604
584
578
577
603
630
681
697
693
703
690
644
637
618
611
595
614
597
594
736
816
769
766
808
820
785
718
652
652
650
624
626
636
669
706
735
679
674
677
663
646
630
617
608
596
584
584
574
573
575
572
583
591
653
673
676
663
645
616
594
581
572
568
580
604
658
728
766
822
822
813
779
738
686
633
608
580
580
656
737
734
768
764
741
656
653
651
657
662
639
632
612
596
573
598
639
663
671
686
679
661
662
671
685
684
646
641
645
660
673
752
723
676
661
640
659
688
664
675
667
673
643
642
624
623
611
608
593
585
586
596
594
599
593
592
587
569
564
564
591
624
680
740
779
750
736
650
641
595
599
617
670
706
726
732
730
703
671
649
624
611
593
596
591
608
616
618
615
605
598
601
606
602
598
588
574
567
559
553
562
574
610
660
678
701
697
669
637
588
586
593
610
617
613
615
603
592
578
577
591
593
628
664
686
705
683
668
636
611
600
582
588
606
630
693
682
670
676
649
649
611
635
645
676
675
677
672
677
681
693
725
763
755
773
746
704
673
648
609
601
581
579
576
563
559
580
594
643
671
693
693
678
655
626
603
580
570
561
553
554
572
597
587
609
656
679
708
738
720
727
692
678
666
616
617
614
601
608
610
646
688