522
515
524
517
516
521
519
515
523
517
529
524
530
543
570
560
569
563
568
549
552
552
549
547
549
555
554
550
552
557
577
564
564
566
574
572
572
566
571
580
580
573
570
575
581
594
585
581
586
598
601
596
589
596
604
599
591
583
582
589
605
603
595
593
605
629
601
597
587
575
572
571
573
579
583
588
577
574
579
579
580
578
573
568
569
561
559
553
555
555
564
553
556
551
552
548
544
544
550
555
563
581
585
588
582
583
573
573
575
585
580
578
580
586
586
595
591
597
591
584
578
580
581
585
580
578
587
593
601
602
602
590
593
589
597
583
585
582
585
578
573
571
573
574
572
571
579
578
583
576
577
582
586
592
590
585
580
585
586
586
583
584
594
598
603
596
590
590
595
597
598
593
594
601
599
613
610
605
599
598
591
593
589
584
583
574
583
572
576
577
585
583
597
595
625
617
623
610
604
595
590
582
586
582
588
583
596
595
600
607
607
604
607
595
594
582
588
578
578
571
570
564
566
566
575
581
585
587
587
586
583
585
583
583
597
600
604
602
600
594
596
588
582
580
573
563
571
561
562
557
551
553
553
550
560
563
568
577
608
638
665
645
662
659
660
641
627
618
614
600
597
590
586
581
580
580
575
572
572
573
576
579
591
594
594
589
585
580
584
584
585
597
597
609
606
601
601
598
591
590
583
580
574
574
567
564
561
562
563
573
593
640
669
638
627
622
629
624
617
630
622
626
608
608
600
593
591
600
597
594
601
596
598
594
590
586
587
591
607
623
626
619
622
641
625
620
618
621
619
611
616
617
625
622
623
615
617
621
624
615
611
616
616
621
616
611
618
620
629
635
627
622
635
635
628
623
613
614
611
617
609
610
603
616
617
621
611
609
616
624
614
606
603
608
607
616
615
611
605
610
612
611
611
607
613
615
621
615
618
620
622
623
611
612
609
613
615
615
606
605
604
598
599
604
606
607
604
610
611
616
612
606
608
610
609
608
602
606
610
609
607
604
606
609
612
606
604
605
605
604
599
593
594
592
594
590
589
587
601
596
592
585
582
588
575
577
574
572
570
570
571
577
582
584
588
582
585
592
590
589
584
589
599
599
598
595
600
604
604
604
597
602
595
599
597
586
587
583
583
587
595
603
621
617
616
611
608
604
604
602
600
598
592
591
591
587
590
590
589
596
597
608
608
611
614
622
622
615
613
614
612
612
604
604
602
605
604
604
602
604
606
609
604
604
609
605
603
602
598
595
604
598
598
602
608
611
613
606
607
601
601
595
593
592
589
592
588
595
588
596
600
604
600
602
601
607
601
599
601
597
600
596
596
591
589
593
596
594
594
592
593
597
597
596
593
601
600
607
601
604
599
598
603
598
600
598
596
592
599
591
589
587
586
589
590
586
581
595
585
589
582
580
579
569
573
572
569
570
573
577
588
590
604
601
604
609
611
606
601
605
604
604
594
591
590
587
587
585
586
585
586
586
587
594
593
587
591
592
604
595
588
584
586
579
583
582
579
579
577
575
572
577
577
585
582
588
591
602
604
613
611
597
600
592
587
582
578
578
576
581
581
582
583
587
594
611
606
606
611
618
614
612
606
614
606
614
603
601
601
595
593
585
589
585
588
582
580
588
595
610
602
606
614
624
617
614
625
625
622
613
607
607
605
606
597
600
588
594
591
594
593
593
596
599
605
603
604
610
612
622
618
611
607
613
612
616
613
611
616
622
623
627
627
624
631
622
628
626
617
616
615
617
617
607
605
609
612
622
614
613
613
613
624
617
620
608
611
616
612
613
608
604
605
608
614
607
604
604
614
610
617
613
604
604
604
611
618
613
616
623
618
619
616
612
616
618
620
613
614
615
620
620
622
616
618
622
624
622
616
620
622
627
624
616
619
620
622
620
617
612
614
616
611
609
605
608
609
608
612
604
606
610
614
591
591
593
589
588
585
586
586
586
590
586
589
596
605
601
608
605
611
605
602
602
598
592
591
588
584
578
581
572
569
566
569
569
575
578
593
599
604
610
622
626
630
620
614
612
610
603
602
602
598
600
599
600
601
605
603
602
604
600
604
600
600
599
604
595
604
593
603
596
596
596
593
593
591
596
588
589
582
596
584
589
585
585
583
587
585
599
603
615
606
616
608
609
604
599
599
593
593
590
593
596
599
604
609
610
619
613
616
611
611
603
604
599
602
602
604
605
611
611
604
606
603
604
611
606
616
610
615
613
612
614
620
620
622
617
619
620
622
618
618
624
620
630
625
624
620
624
619
629
630
630
655
638
639
628
624
614
610
609
615
613
604
607
607
608
610
610
607
617
614
613
613
608
610
607
609
610
609
606
608
605
612
607
608
607
607
615
616
621
617
617
616
620
620
622
618
619
614
617
617
618
615
612
613
616
618
617
615
613
616
618
619
617
612
612
611
618
612
607
612
611
617
609
609
606
606
610
610
608
604
608
613
618
615
605
611
614
615
612
612
610
609
612
608
606
602
603
602
603
600
597
600
600
601
597
596
595
595
599
597
598
594
598
596
605
603
605
598
602
602
605
603
601
601
601
604
601
600
604
605
611
606
604
601
608
604
608
606
604
603
602
603
604
597
595
598
594
602
597
598
595
598
601
601
604
601
604
608
615
609
609
605
610
604
606
604
601
601
601
604
603
604
598
604
605
610
608
609
611
615
619
616
613
606
613
607
613
608
605
604
607
611
624
614
609
608
604
610
604
605
605
609
612
609
604
604
601
610
605
607
603
604
608
608
605
604
603
605
604
606
600
601
599
598
600
601
603
599
602
600
607
604
603
601
604
607
608
604
599
603
600
604
598
596
595
594
597
598
599
599
598
605
608
608
610
606
604
608
611
613
611
605
605
607
608
608
605
609
604
608
607
618
613
615
607
611
608
611
610
607
606
609
613
609
610
605
615
613
613
609
605
605
603
606
600
597
598
595
599
602
598
596
600
604
605
602
600
602
600
602
597
596
593
593
595
597
597
593
596
597
597
595
591
591
591
596
596
597
597
600
602
605
602
598
600
602
602
601
596
594
597
597
600
594
597
598
604
604
600
595
597
595
596
597
592
595
593
598
601
603
599
607
605
611
609
608
608
609
614
609
611
606
604
602
602
603
603
605
604
606
609
613
615
611
611
610
615
609
605
604
603
605
604
602
600
603
604
606
602
599
600
600
602
599
593
596
591
597
595
594
593
595
603
602
603
599
604
607
605
602
601
600
601
599
598
599
604
606
608
601
599
606
603
606
604
598
602
606
602
601
598
600
602
600
599
599
599
604
598
597
599
600
606
599
597
599
604
601
602
598
600
599
604
600
601
593
597
600
602
599
594
593
594
596
595
593
594
594
597
597
593
589
590
593
598
599
607
611
612
613
609
608
604
604
602
600
599
599
596
596
596
599
598
599
598
599
602
604
612
608
606
609
615
617
620
614
607
606
613
608
613
605
607
609
612
607
608
604
604
601
604
603
602
597
597
595
599
596
602
598
604
603
607
604
604
604
602
605
601
599
597
596
597
602
598
601
600
606
601
604
603
607
607
607
602
606
605
608
605
601
601
596
599
596
594
590
594
596
598
596
597
594
601
600
600
598
598
596
600
599
596
598
598
604
604
599
596
601
598
599
594
590
591
592
592
593
586
594
594
606
600
601
588
591
591
592
589
587
592
591
587
585
582
580
575
574
569
573
580
585
575
596
605
588
586
581
577
566
573
570
565
567
567
569
573
571
575
577
576
578
574
578
574
574
568
568
571
574
575
578
582
592
592
593
600
610
610
606
616
628
623
635
623
624
626
628
627
616
618
624
623
624
622
621
626
630
624
621
618
620
620
619
617
617
626
622
623
623
628
630
626
622
631
626
631
634
656
688
693
682
667
641
641
639
648
664
649
641
644
640
632
624
627
625
628
630
625
623
627
626
630
624
624
631
631
631
621
621
623
635
620
630
616
612
618
616
612
608
613
611
619
616
613
615
613
615
611
614
620
615
612
619
623
629
637
627
628
618
620
618
622
618
619
621
621
623
615
621
616
621
614
616
617
616
611
620
616
623
619
613
613
606
608
604
604
599
603
598
600
597
596
594
591
590
590
590
587
587
590
591
595
599
611
617
618
611
606
615
620
623
618
615
604
608
604
599
597
594
595
604
600
594
593
591
589
591
590
589
593
586
587
587
591
593
595
596
590
594
593
591
591
587
587
585
583
583
580
579
577
577
581
589
598
601
611
610
609
612
612
616
612
612
604
606
599
601
593
599
592
623
615
621
610
606
604
609
606
604
603
602
604
602
613
607
615
612
613
615
616
619
623
634
632
640
628
635
634
630
630
628
632
632
630
627
628
635
637
628
625
631
631
627
619
622
617
615
618
613
613
614
611
609
607
609
606
609
607
608
609
611
609
613
604
620
619
608
604
599
595
593
592
591
590
596
604
606
608
621
621
630
631
631
627
619
613
610
607
600
599
598
596
601
608
619
632
632
632
626
618
618
623
627
617
621
623
632
621
629
630
632
625
632
633
632
624
629
621
622
615
614
614
613
613
614
621
612
604
603
605
598
597
599
603
610
645
625
626
616
624
614
615
611
609
602
596
592
594
592
595
598
594
601
611
632
622
638
633
632
628
628
613
613
610
606
603
608
607
613
619
627
620
632
631
630
624
621
619
612
610
611
611
606
613
613
632
635
631
625
632
629
635
620
618
609
605
606
611
618
625
623
621
625
632
625
620
621
617
620
615
613
607
606
601
601
595
592
593
592
594
593
593
589
589
599
605
602
596
598
604
612
601
605
607
609
611
604
611
621
621
621