1094
1082
1042
1022
938
883
928
938
992
1067
1107
1063
1020
1047
1012
914
947
941
985
1035
993
975
1000
993
961
875
926
915
927
930
935
944
951
852
895
886
900
937
962
975
974
955
949
930
889
870
853
926
974
1077
1134
1163
1121
960
1006
1030
1019
1019
1019
1015
976
948
933
929
925
877
920
936
982
1016
962
966
979
957
876
895
894
909
948
969
944
920
981
1008
1027
998
944
937
912
846
861
904
924
923
914
928
935
984
985
959
923
995
994
1013
1016
1031
1020
943
933
982
1029
1061
1104
1124
1120
1104
1086
1058
935
993
1004
1027
1027
986
931
993
988
948
970
997
996
1017
1034
1048
1033
986
988
986
979
1031
1077
1159
1140
1088
1098
1116
1143
1103
1079
966
1018
1025
1011
974
998
1038
1022
1054
994
993
1022
1020
997
1042
1057
1057
1063
1055
1047
1027
1016
946
902
915
981
1049
1063
1075
1006
1042
1036
998
1012
1002
970
899
928
927
927
897
873
866
854
847
850
843
818
846
854
885
887
887
877
866
861
819
795
828
862
896
938
975
1016
1048
1081
1093
1089
1060
934
910
951
993
1057
1100
973
1051
1074
1046
991
997
973
882
937
938
951
982
997
1027
1026
1050
1063
1011
1064
1046
1060
1058
1062
1090
1072
1100
1125
1086
1024
1067
1111
1124
1104
1039
982
1038
1069
1141
1182
1209
1249
1197
1172
1142
1101
1115
1122
1110
1118
1134
1166
1160
1169
1182
1181
1179
1155
1139
1064
1130
1145
1142
1077
970
1017
1021
989
1057
1137
1139
1043
1130
1151
1170
1174
1176
1124
1133
1129
1145
1146
1124
1073
988
1051
1069
1097
1029
1040
1088
1064
966
946
957
1076
1146
1147
1158
1135
1054
1028
1024
998
990
992
994
1014
1059
1059
1068
1071
1080
1104
1127
1066
1030
1009
1011
968
979
1019
1058
1073
1076
1090
1098
1115
1085
1037
1031
1007
1053
1011
1017
957
988
978
964
945
938
896
920
886
904
863
817
828
825
832
881
906
924
892
897
913
885
907
892
896
872
890
897
915
941
970
996
1033
1027
1014
974
922
937
910
901
894
882
898
946
1015
1082
1068
1071
1082
1026
1040
1038
1063
1097
1088
1066
1035
1098
1097
1074
1090
1101
1093
1035
1091
1078
990
1064
1085
1108
1107
1080
1118
1156
1146
1133
1136
1088
1107
1137
1092
1020
1056
1084
1074
1084
1113
1114
1080
1097
1116
1089
1024
1069
1091
1116
1061
1122
1133
1131
1170
1132
1072
1103
1090
1049
1125
1166
1144
1081
1123
1143
1153
1128
1159
1157
1136
1140
1156
1119
1129
1137
1095
1137
1116
1059
1075
1048
1000
1046
1026
983
1034
1052
1065
1083
1093
1060
1104
1112
1066
1121
1137
1134
1089
1124
1168
1156
1127
1167
1188
1171
1173
1157
1129
1137
1133
1093
1118
1136
1101
1127
1122
1080
1121
1121
1074
1118
1106
1063
1094
1108
1080
1143
1157
1125
1163
1183
1152
1164
1151
1114
1158
1171
1128
1153
1158
1114
1158
1154
1124
1142
1154
1115
1149
1155
1109
1163
1157
1084
1098
1102
1073
1117
1125
1090
1127
1088
1038
1049
1106
1091
1113
1144
1099
1109
1143
1093
1071
1103
1108
1084
1128
1140
1098
1150
1151
1092
1133
1121
1140
1116
1175
1194
1185
1154
1192
1198
1183
1144
1172
1181
1184
1115
1108
1097
1053
1087
1090
1047
1090
1093
1045
1089
1104
1065
1114
1116
1081
1120
1132
1090
1121
1150
1149
1119
1120
1146
1151
1134
1117
1130
1125
1096
1081
1019
1045
1061
1036
1082
1107
1073
1111
1106
1064
1095
1103
1079
1128
1151
1128
1112
1140
1149
1108
1153
1171
1126
1162
1172
1122
1162
1167
1136
1064
1112
1091
1028
1072
1054
1031
1071
1078
1032
1088
1080
1045
1080
1092
1053
1098
1114
1123
1076
966
944
993
1079
1074
1089
1052
1031
1002
1036
1036
1018
1033
1045
1034
1025
1049
1054
1048
1028
1071
1101
1078
1138
1164
1159
1132
1133
1126
1083
1097
1112
1055
1091
1069
1037
1103
1129
1094
1130
1083
1000
995
998
1014
974
1020
1029
1022
1055
1053
1009
1068
1089
1080
1062
1088
1083
1041
1097
1097
1083
1062
1098
1133
1098
1119
1148
1144
1098
1126
1121
1069
1104
1119
1077
1086
1086
1028
1082
1066
1011
1084
1104
1074
1117
1143
1117
1143
1156
1115
1139
1159
1139
1097
1140
1170
1111
1144
1151
1060
1104
1109
1083
1064
1112
1118
1072
1118
1132
1075
1109
1144
1155
1122
1080
1154
1218
1229
1166
1190
1239
1245
1197
1212
1212
1174
1143
1205
1218
1104
1161
1169
1124
1162
1145
1084
1141
1166
1120
1139
1172
1177
1132
1173
1188
1183
1119
1151
1151
1109
1021
1021
1000
961
962
930
945
935
935
975
1003
986
1056
1086
1051
1088
1109
1065
1089
1061
1008
1058
1023
1049
1059
1015
1028
1082
1047
1090
1114
1102
1089
1107
1111
1082
1088
1104
1072
1134
1165
1060
942
944
995
1069
1110
1123
1092
1144
1146
1128
1122
1119
1116
1100
1100
1123
1126
1120
1114
1037
1048
1035
1028
998
1070
1070
1142
1180
1136
1169
1216
1181
1150
1168
1149
1107
1132
1146
1117
1172
1162
1138
1152
1186
1184
1135
1144
1104
1067
1119
1098
1083
1059
1118
1143
1135
1084
1161
1177
1154
1192
1189
1164
1194
1203
1201
1149
1193
1194
1229
1213
1239
1252
1200
1190
1187
1154
1085
1136
1156
1076
1135
1161
1099
1146
1140
1021
994
979
972
922
883
863
857
821
843
858
847
840
831
803
791
835
820
829
840
821
817
834
815
844
866
886
899
873
897
924
892
917
918
903
886
903
892
892
911
900
873
841
839
852
890
915
906
961
981
944
951
975
969
977
973
984
1004
1010
1031
1101
1146
1153
1146
1163
1164
1140
1077
1058
1113
1139
1090
1079
1160
1227
1245
1173
1162
1090
1052
1085
1058
1109
1141
1052
1150
1099
1101
1073
1056
1051
988
1000
1027
1061
1040
1118
1161
1163
1151
1156
1127
1146
1101
967
1033
1098
1142
1101
1067
1074
1066
1092
1090
1061
1047
1032
973
930
987
1017
997
1017
1026
1038
994
1014
1016
1019
1032
996
982
986
953
963
973
991
1006
1001
988
929
954
972
992
1011
976
985
993
1033
1071
1111
1128
1127
1068
1078
1119
1140
1105
1002
938
987
996
1010
1031
979
1007
1021
1006
991
993
976
979
973
1010
1038
930
1018
1039
1052
1008
971
1033
1028
978
992
1009
1003
1063
1032
1079
1091
1075
968
1005
1001
992
982
957
971
979
993
1000
1005
974
978
975
962
946
915
935
952
936
987
932
975
990
963
990
976
951
1013
1029
1050
1072
1090
1105
1103
1013
1046
1059
974
1006
1018
1019
1021
1003
960
957
968
984
984
990
972
913
956
977
944
963
948
967
982
1000
950
989
979
958
950
922
826
834
825
819
860
929
940
987
949
976
995
954
962
969
916
886
916
892
896
859
913
950
954
927
934
927
853
911
895
893
894
912
908
916
896
913
850
907
915
941
945
954
889
900
932
953
956
958
938
950
960
896
938
923
892
882
860
816
848
889
942
929
909
936
944
888
927
927
929
932
872
899
940
983
1022
1061
1050
1016
1014
1029
1011
983
980
986
915
974
1025
1094
1088
1023
1068
1058
1030
975
944
962
955
937
902
923
938
962
971
948
957
1004
997
990
959
937
905
933
945
955
896
966
980
933
976
899
968
982
988
958
938
970
983
981
1015
1023
1021
1060
1094
1066
979
1001
990
960
984
981
985
979
927
907
913
915
1002
1064
1118
1064
1021
1064
972
1007
1010
1019
1021
1024
1021
1007
996
898
950
969
992
992
1003
999
974
990
918
911
954
949
966
1053
1114
1148
1176
1187
1188
1178
1177
1176
1203
1224
1197
1214
1191
1182
1198
1203
1187
1184
1181
1164
1111
1118
1081
1066
1075
1110
1135
1141
1145
1065
1087
1082
1083
1075
1128
1163
1161
1165
1141
1164
1168
1141
1134
1150
1109
1133
1108
1039
1046
1023
1060
1071
1055
1037
1050
1004
1046
1041
1045
1079
1093
1095
1084
1082
1042
1065
1068
1080
1108
1105
1121
1101
1148