943
977
902
919
867
795
824
798
774
807
795
738
740
732
763
778
820
805
827
821
833
792
775
750
735
734
742
775
808
812
782
800
796
786
808
815
814
815
772
796
813
859
825
845
828
812
829
809
826
793
826
849
838
906
878
853
865
876
807
801
803
790
806
812
825
812
806
820
780
797
795
775
791
826
852
813
818
772
715
702
710
696
708
720
775
784
765
770
760
757
756
778
786
778
801
806
815
774
764
739
708
689
674
659
645
663
656
648
660
731
811
813
808
802
756
780
813
809
840
846
863
838
859
931
960
902
887
901
909
849
844
784
742
745
718
782
817
829
801
782
749
712
665
651
634
658
677
724
761
789
782
770
771
751
722
688
643
632
623
658
765
818
830
818
815
764
759
796
803
821
854
856
845
823
787
758
745
750
749
748
734
720
706
686
664
652
650
749
756
762
889
826
838
856
877
878
839
827
823
768
761
755
812
791
759
733
768
799
817
858
854
825
818
821
813
828
830
829
831
803
831
852
896
935
877
818
777
756
745
671
683
657
651
675
737
762
793
789
771
742
724
708
712
717
705
695
688
739
817
831
843
829
825
784
726
719
688
657
688
742
771
743
771
792
791
792
764
749
751
702
710
681
679
694
709
740
781
794
806
810
777
729
693
689
714
722
729
719
698
679
618
604
609
616
759
772
776
813
813
786
763
725
696
667
642
635
614
626
616
697
896
878
870
892
865
831
800
789
790
812
840
850
884
850
824
833
821
810
758
738
729
707
767
780
801
822
781
759
762
771
781
775
794
814
848
860
827
855
786
785
759
742
739
751
725
711
684
697
744
792
836
819
814
833
879
767
758
733
701
652
619
622
604
607
653
687
705
722
742
749
687
664
638
606
615
612
611
659
650
749
815
841
849
857
872
896
906
902
868
868
891
861
848
817
798
779
822
844
853
812
779
777
748
766
726
732
719
709
702
714
730
731
719
717
675
682
716
722
755
723
686
648
633
603
599
592
603
645
673
682
703
705
695
666
651
664
666
672
656
638
610
620
605
609
631
683
720
734
719
693
658
639
611
602
600
617
615
627
677
901
834
812
804
775
854
842
771
717
663
662
638
697
704
825
977
1037
951
842
902
821
848
866
841
808
819
850
905
909
863
894
884
862
882
868
825
772
779
821
907
883
894
873
864
848
856
853
838
880
835
813
859
937
896
879
875
830
787
800
813
750
759
731
709
703
695
676
682
694
707
744
786
723
710
688
674
704
756
768
768
797
782
782
765
779
729
743
754
802
832
789
739
727
717
747
764
859
883
865
914
942
872
813
832
928
917
863
842
821
796
795
841
980
935
923
942
916
883
893
869
805
839
920
967
910
941
935
919
946
931
905
930
914
894
909
927
885
901
919
887
883
889
880
834
804
809
864
874
820
858
862
840
841
841
828
782
784
787
829
856
830
836
848
886
847
813
844
897
908
855
884
887
828
858
843
839
771
766
778
862
909
877
888
832
843
817
813
847
919
915
869
923
930
863
832
862
920
923
854
845
869
909
871
869
881
901
850
854
833
809
798
809
900
885
905
934
893
871
833
813
769
780
835
936
890
829
775
784
854
907
905
897
880
817
762
730
704
713
772
849
866
858
824
823
814
853
866
865
854
854
819
817
818
819
796
771
784
783
820
822
809
761
732
715
688
663
653
681
694
734
766
833
807
802
783
744
730
736
736
812
813
807
866
929
897
881
879
849
801
788
775
774
784
786
795
761
759
760
803
813
776
765
784
839
879
815
819
812
780
766
764
788
803
816
871
931
914
876
853
807
781
794
807
803
749
736
707
707
762
829
799
836
824
790
767
767
788
860
820
863
885
903
831
830
788
764
725
713
707
708
683
692
699
739
762
736
698
711
712
720
703
690
713
729
798
821
836
870
889
886
857
833
813
765
769
761
773
743
760
781
860
892
849
800
771
760
731
733
717
717
714
726
759
805
889
849
812
798
786
785
769
734
731
733
761
831
820
814
831
862
847
837
833
814
791
801
813
839
820
845
900
864
783
753
760
754
782
815
835
788
820
848
869
811
803
804
762
759
742
714
715
688
679
685
720
712
745
796
777
767
770
783
757
777
779
772
826
886
921
887
919
900
836
831
812
804
773
798
823
804
801
818
844
797
805
811
830
787
843
881
845
820
849
871
827
827
833
848
815
831
854
873
818
826
813
763
782
800
823
832
874
885
824
805
806
820
800
811
806
801
771
790
781
764
783
801
855
834
877
891
830
835
813
779
774
772
802
781
821
808
797
798
819
828
797
853
862
854
825
839
855
815
791
794
800
808
794
834
866
853
855
852
844
783
790
786
773
777
808
814
804
838
855
812
792
773
761
728
754
784
854
812
889
923
893
900
874
840
791
793
808
869
822
844
854
820
779
794
830
863
830
783
733
723
705
716
705
690
702
724
739
745
754
728
735
740
733
741
774
834
813
808
830
841
813
793
811
827
804
853
859
865
843
818
796
802
786
767
780
764
740
749
765
766
762
777
778
752
772
772
779
774
797
835
864
839
860
868
823
788
782
766
736
730
748
813
847
893
894
844
818
804
769
748
725
756
756
824
812
843
854
883
824
834
822
791
756
761
768
784
775
803
828
827
801
833
824
777
768
769
786
841
823
818
844
869
837
808
820
834
789
780
788
780
771
757
782
791
826
803
838
844
807
750
749
736
772
799
780
803
822
837
795
800
782
768
742
728
746
779
857
854
825
854
855
818
813
825
833
793
805
803
810
802
821
855
828
833
847
871
821
844
853
828
802
826
835
817
811
835
832
792
806
791
809
778
758
778
817
846
803
793
798
804
810
781
806
812
807
789
813
842
841
825
856
853
794
809
791
781
754
772
794
824
784
818
817
801
768
773
755
748
751
787
854
907
852
887
879
830
808
809
795
760
751
771
828
879
853
896
908
844
849
837
804
800
814
839
828
834
851
839
792
808
810
812
767
751
755
761
767
754
779
800
822
776
786
790
802
782
817
810
787
764
775
788
786
788
808
840
796
812
808
789
767
789
794
778
777
813
838
810
794
800
805
778
767
796
802
832
795
789
821
859
847
812
810
802
764
761
770
797
775
782
804
852
850
821
746
735
703
698
685
684
683
669
674
640
645
622
628
605
623
602
609
607
598
593
575
572
566
560
564
563
562
563
563
560
567
580
621
710
759
777
748
781
760
722
728
729
708
711
708
729
766
755
720
699
696
708
757
763
780
787
738
717
699
715
727
752
775
767
760
776
791
755
766
758
744
761
763
758
780
806
844
822
794
844
871
817
790
805
805
853
813
836
802
775
771
815
827
771
776
767
733
716
709
716
719
755
759
809
836
832
818
808
740
730
739
774
838
804
876
911
872
902
856
834
847
823
854
816
776
733
681
679
658
676
788
825
803
751
785
791
764
802
843
815
789
805
836
856
787
797
816
817
771
735
693
682
679
741
789
854
938
973
956
897
903
906
899
873
879
854
851
900
943
934
856
862
789
754
729
753
737
725
720
747
820
829
794
813
819
850
862
852
854
829
808
784
848
928
936
931
897
872
854
770
736
710
727
759
745
714
714
807
928
944
868
839
823
772
753
735
756
767
784
778
766
738
719
695
687
752
809
839
818
809
795
790
727
720
727
809
922
871
816
779
770
720
687
658
650
643
627
661
705
1004
939
939
899
863
860
921
974
965
949
930
920
909
902
884
869
850
851
842
867
843
842
848
770
765
769
799
813
824
797
795
772
771
758
767
753
719
714
706
771
863
880
861
858
832
816
787
762
761
734
732
786
916
972
907
830
818
826
851
867
872
848
862
870
880
837
852
789
807
848
944
996
966
943
922
861
824
814
840
848
848
849
935
933
877
863
818
772
746
732
731
718
715
742
864
957
942
936
870
821
792
753
737
742
797
835
859
867
885
900
854
809
766
783
874
902
962
992
943
956
919
897
858
849
828
805
790
741
712
696
691
685
688
695
847
904
946
961
931
932
915
880
874
892
919
878
892
923
982
995
963
948
944
907
844
831
840
848
863
879
920
886
859
858
817
803
799
791
779
770
770
760
754
720
702
705
681
683
716
728
753
750
751
729
723
704
706
702
744
771
746
794
801
918
950
929
897
847
800
769
747
701
683
664
659
679
701
760
933
980
986
987
984
913
896
862
790
790
802
767
766
769
757
778
795
815
801
794
764
724
715
691
692
680
697
735
772
841
856
881
837
822
761
762
748
815
884
933
921
904
888
863
805
762
765
754
774
784
841
887
921
921
930
862
855
876
879
892
879
847
847
896
914
842
873
859
777
762
755
773
748
745
753
763
747
730
713
672
644
650
643
660
713
813
881
836
843
878
842
823
844
860
787
790
789
812
827
837
880
908
916
922
928
866
839
832
831
835
858
947
985
943
914
861
800
747
733
729
741
793
770
753
715
688
678
670
683
699
700
697
672
678
661
650
650
658
660
660
680
722
767
792
872
921
896
922
888
889
874
850
796
814
838
881
887
946
914
878
884
833
813
814
840
792
850
771
735
727
714
703
691
697
689
691
676
663
646
650
634
628
623
649
738
805
794
852
861
822
839
852
881
839
832
853
867
901
896
919
920
888
889
868
843
837
837
792
771
759
761
753
756
756
751
723
711
719
745
770
776
759
742
706
691
692
707
709
723
788
832
885
866
808
807
771
736
731
703
692
736
926
933
961
964
956
929
882
832
767
721
703
685
688
780
844
823
785
837
890
916
929
879
873
790
742
745
756
779
771
766
753
721
692
690
668
660
666
693
792
857
988
1039
1033
988
974
948
942
875
815
790
779
790
737
753
761
774
814
772
764
736
713
687
695
693
695
697
695