1444
952
845
827
778
823
794
829
828
787
814
833
781
806
825
818
799
822
778
740
731
719
779
846
794
851
869
823
828
825
813
792
795
735
768
806
878
885
870
842
768
741
750
771
745
769
818
898
906
887
824
812
794
728
716
722
782
907
911
836
871
919
939
943
912
842
853
880
906
922
900
906
910
912
893
811
765
749
746
807
881
872
938
979
895
875
894
893
857
811
753
717
714
723
808
941
1575
1043
886
792
742
742
732
741
771
884
1052
1096
921
871
856
822
776
787
814
854
824
878
879
833
772
757
764
807
872
891
881
852
785
763
749
714
688
680
685
710
786
902
1519
1009
871
825
803
799
789
789
735
722
714
704
739
732
729
712
729
826
958
1015
1000
920
849
848
824
817
833
829
771
757
767
782
793
786
785
791
793
761
763
776
806
859
844
843
876
882
811
818
828
847
882
867
841
799
763
738
741
763
803
826
851
831
788
783
776
797
800
779
762
788
848
840
773
783
804
842
900
877
865
857
839
757
753
764
811
843
840
861
857
847
826
827
841
861
875
882
870
881
896
882
849
852
871
909
895
805
799
816
829
874
916
899
897
855
767
747
736
744
766
770
797
777
747
741
752
771
804
774
790
809
848
876
804
784
775
783
781
728
733
720
749
811
851
806
833
813
811
809
790
761
756
768
765
793
818
841
813
796
803
800
780
756
754
781
803
801
772
771
788
881
1025
1050
958
895
894
911
906
920
949
978
929
807
794
765
783
815
846
869
854
864
896
922
896
842
851
851
855
863
885
917
988
951
925
856
811
834
870
931
933
886
883
893
877
844
841
868
891
889
845
835
824
804
782
818
865
885
891
915
918
887
887
875
839
800
830
860
846
876
905
897
852
871
883
881
842
849
856
859
767
776
798
817
844
848
855
852
840
786
830
788
813
837
842
784
813
857
866
865
785
769
783
813
859
913
885
862
854
847
854
853
811
815
834
854
889
873
890
906
921
901
900
878
870
861
859
837
802
814
832
857
889
927
873
838
789
796
813
776
806
834
884
839
803
810
838
882
856
775
783
808
854
897
868
866
864
845
776
785
780
780
802
829
875
835
851
869
890
887
858
828
828
837
846
869
896
897
913
878
883
875
879
823
806
776
783
790
813
862
861
876
877
881
858
870
838
773
768
786
856
944
951
951
898
810
805
807
804
761
748
758
776
774
779
795
806
807
825
844
820
819
835
843
809
804
788
769
768
722
695
693
713
765
777
799
823
837
792
751
764
777
802
846
865
837
842
840
857
846
795
813
828
875
932
929
905
900
901
901
866
864
864
854
767
732
723
740
821
919
952
927
930
929
922
898
830
813
812
826
886
908
926
976
986
921
919
930
913
884
890
923
922
872
873
879
833
888
907
923
959
900
827
790
823
864
946
926
931
958
948
897
877
881
888
873
857
887
929
997
956
928
871
827
864
856
862
884
936
959
933
936
941
904
889
900
923
886
920
943
927
903
935
956
912
917
931
917
882
896
931
929
902
927
940
919
948
940
926
918
919
882
883
903
951
952
954
980
955
904
908
935
945
928
938
997
979
970
994
980
934
923
920
894
889
909
943
909
924
956
943
922
934
932
905
905
907
911
895
916
958
937
929
935
942
897
917
960
955
906
918
926
913
870
877
901
901
896
908
938
865
854
868
828
771
763
804
907
1046
1012
963
959
944
901
914
928
928
895
904
922
942
939
960
978
986
952
966
976
970
940
965
962
931
926
953
949
936
955
954
889
901
931
945
904
914
923
901
920
956
974
950
964
969
908
911
918
884
858
880
945
918
915
953
951
912
928
949
913
899
892
874
854
874
902
894
878
899
931
866
859
864
873
839
858
881
882
868
882
902
890
882
888
859
786
784
809
862
894
899
928
931
898
873
894
910
920
903
929
964
948
944
960
967
924
859
888
921
966
942
954
979
953
924
940
942
907
916
933
909
864
882
947
1022
966
967
960
930
931
938
938
915
931
938
920
904
866
909
926
868
868
897
940
942
924
935
959
930
939
948
888
829
863
903
940
901
921
953
956
910
908
912
894
898
906
933
922
945
980
922
937
951
944
916
919
953
947
950
971
947
928
943
961
923
937
948
928
913
930
944
920
929
957
943
934
929
937
915
943
979
931
931
962
956
929
928
932
888
840
884
937
938
942
999
982
945
949
943
890
891
917
938
915
942
961
942
931
932
922
905
918
938
937
938
969
983
964
979
963
942
940
947
917
934
958
926
924
946
938
908
916
941
915
926
960
943
913
931
930
921
947
981
974
963
988
967
932
946
960
918
926
938
939
911
938
965
952
965
971
961
956
977
975
926
941
958
934
824
812
828
891
1965
942
913
921
896
900
930
952
935
943
963
968
942
949
946
942
915
930
951
923
909
917
947
905
928
958
950
924
935
934
913
878
834
865
872
872
914
949
922
923
936
909
887
895
930
909
901
929
954
912
944
979
957
949
957
951
916
936
948
943
935
958
965
926
942
965
943
931
938
939
895
921
968
944
932
966
960
920
952
979
955
956
972
955
937
944
971
946
940
961
966
931
957
980
941
925
938
931
918
941
949
885
896
934
941
947
971
955
920
921
933
896
910
927
914
912
938
943
920
945
971
950
962
967
958
939
948
958
908
915
958
971
944
992
986
946
940
937
918
917
925
937
900
928
963
921
910
937
941
914
941
957
933
934
954
947
924
938
949
916
918
944
974
938
949
993
955
945
952
924
874
890
909
921
926
952
965
912
933
955
914
887
896
905
878
899
932
925
911
927
936
903
932
959
927
937
953
934
913
938
962
927
943
953
935
890
903
960
937
951
1001
990
961
963
948
895
917
956
946
938
960
974
933
938
962
967
906
894
868
835
842
841
820
778
788
810
838
806
767
754
754
745
735
724
736
746
729
741
773
771
748
756
776
799
798
809
820
811
816
829
849
831
851
869
850
865
896
894
861
876
854
794
802
803
779
792
808
837
826
859
883
883
841
863
890
887
856
874
902
883
891
939
948
906
935
980
916
913
924
900
862
891
949
953
939
967
985
938
939
936
907
911
921
909
888
929
978
948
946
972
943
919
930
936
919
940
982
953
947
977
961
926
953
981
960
966
973
948
950
953
917
850
867
918
953
912
907
908
859
872
868
850
857
872
896
886
910
916
905
923
941
908
928
951
895
897
915
921
911
931
920
928
925
948
922
884
872
840
809
825
852
843
844
866
886
869
871
888
906
884
893
919
908
909
925
920
871
852
861
885
860
828
827
838
829
840
777
788
807
902
907
908
883
859
819
781
771
778
806
842
844
821
853
902
900
879
895
890
882
875
828
808
791
789
836
899
881
819
837
889
940
993
954
896
920
927
937
909
917
929
934
945
939
947
904
910
893
887
888
917
945
932
850
834
853
883
912
896
884
892
892
852
854
865
877
886
910
918
900
902
900
866
864
876
893
871
821
827
837
856
838
838
875
936
966
937
937
962
942
896
854
833
854
890
896
847
835
844
853
889
889
882
889
870
847
861
867
863
866
879
850
837
855
880
892
900
919
921
915
903
883
864
793
784
794
840
881
897
861
866
876
855
858
835
832
824
827
843
852
808
772
783
801
832
865
876
903
921
938
916
909
910
914
904
888
898
912
922
911
921
909
862
865
885
864
813
820
832
856
868
853
846
808
788
787
795
805
808
782
796
813
839
826
845
868
886
859
857
862
851
852
859
868
882
892
872
878
896
930
910
919
920
897
876
876
917
930
887
871
872
898
854
836
853
815
832
853
845
869
896
908
880
856
863
833
846
867
897
875
839
759
740
727
725
745
803
851
861
832
784
797
795
774
780
794
814
831
814
808
775
797
828
854
860
824
793
816
832
885
886
877
858
800
780
777
814
853
895
854
861
877
839
834
832
835
854
893
917
947
938
936
934
917
879
884
823
786
787
829
887
912
913
895
886
868
856
802
800
808
827
851
854
831
807
794
788
796
801
874
934
937
914
925
927
914
902
906
910
937
923
930
937
916
882
833
829
856
895
935
956
924
932
938
923
903
854
805
809